seq	start_token	end_token	start_text	embed
0	0	1952	On the morning the boxes arrived, the street outsi	[0.0167236328125, -0.00687408447265625, 0.008575439453125, -0.0008516311645507812, 0.0117034912109375, 0.039215087890625, -0.028900146484375, 0.0217132568359375, 0.004276275634765625, 0.02130126953125, -0.0286712646484375, 0.0031490325927734375, 0.027191162109375, 0.0009517669677734375, -0.0208892822265625, 0.00933074951171875, 0.0160980224609375, -0.01058197021484375, 0.026763916015625, 0.055572509765625, -0.00975799560546875, 0.056793212890625, -0.01203155517578125, -0.0103912353515625, 0.00970458984375, -0.0233306884765625, -0.0007572174072265625, 0.0173797607421875, -0.01485443115234375, 0.033416748046875, 0.0284576416015625, -0.0037746429443359375, 0.004199981689453125, -0.000762939453125, -0.0175933837890625, 0.005710601806640625, -0.024627685546875, -0.0010213851928710938, 0.01000213623046875, -0.0133209228515625, -0.00884246826171875, 0.0256805419921875, 0.01424407958984375, 0.00542449951171875, -0.011383056640625, 0.00923919677734375, 0.00274658203125, -0.01139068603515625, 0.0005936622619628906, -0.00647735595703125, -0.018341064453125, -0.0242156982421875, 0.028961181640625, 0.0024871826171875, 0.0179443359375, 0.026275634765625, -0.025421142578125, 0.01500701904296875, -0.0235595703125, 0.00571441650390625, -0.01690673828125, 0.0134735107421875, -0.005046844482421875, -0.0006194114685058594, 0.0019178390502929688, 0.0076141357421875, 0.0197906494140625, 0.0011310577392578125, 0.0215301513671875, 0.0164337158203125, -0.010284423828125, 0.004840850830078125, 0.01222991943359375, 0.037139892578125, -0.0129547119140625, 0.01422882080078125, -0.0190582275390625, -0.01015472412109375, -0.00604248046875, 0.01367950439453125, -0.0013675689697265625, 0.007781982421875, -0.027191162109375, 0.0178375244140625, 0.02313232421875, 0.00888824462890625, 0.011962890625, -0.0056304931640625, -0.0020999908447265625, 0.012451171875, -0.02099609375, -0.0037746429443359375, 0.00986480712890625, 0.0164031982421875, 0.01959228515625, -0.00476837158203125, -0.00222015380859375, -0.01363372802734375, -0.00745391845703125, 0.0010938644409179688, 0.00946807861328125, -0.0192108154296875, -0.0205230712890625, -0.021270751953125, -0.0004930496215820312, 0.01336669921875, -0.026763916015625, -0.005001068115234375, -0.00237274169921875, -0.01535797119140625, 0.000858306884765625, 0.0161590576171875, 0.0139617919921875, 0.00926971435546875, -0.004150390625, 0.026824951171875, 0.015716552734375, 0.01551055908203125, -0.0005741119384765625, 0.026214599609375, -0.00872039794921875, 0.0006699562072753906, 0.009857177734375, 0.0077667236328125, 0.03106689453125, -0.0099945068359375, -0.007038116455078125, 0.0179290771484375, 0.005611419677734375, 0.01012420654296875, -0.006847381591796875, -0.033416748046875, -0.01544952392578125, -0.0116424560546875, -0.0016317367553710938, -0.0218658447265625, -0.0162353515625, 0.0018186569213867188, -0.0205535888671875, -0.00513458251953125, -0.01226806640625, 0.03204345703125, 0.004932403564453125, 0.00611114501953125, -0.0164947509765625, 0.0191802978515625, 0.0249786376953125, 0.00027179718017578125, 0.0205078125, -0.03509521484375, 0.01473236083984375, -0.0201263427734375, 0.021484375, 0.0013933181762695312, 0.01276397705078125, 0.0009937286376953125, 0.0224456787109375, -0.00899505615234375, 0.015899658203125, 0.00284576416015625, 0.00760650634765625, 0.013763427734375, 0.01076507568359375, -0.0025634765625, 0.01788330078125, -0.00861358642578125, -0.0248565673828125, -0.00567626953125, 0.0262603759765625, -0.0127105712890625, 0.0015239715576171875, 0.01154327392578125, 0.0230712890625, 0.007518768310546875, 0.03643798828125, -0.00620269775390625, 0.0149078369140625, 0.016510009765625, -0.00997161865234375, 0.0065765380859375, 0.01690673828125, 0.01482391357421875, 0.00490570068359375, -0.001331329345703125, 0.00015306472778320312, 0.0028934478759765625, -0.01416015625, -0.00939178466796875, -0.037200927734375, 0.01453399658203125, 0.0007443428039550781, 0.02105712890625, -0.001377105712890625, 0.006778717041015625, 0.0022735595703125, 0.01325225830078125, 0.007598876953125, 0.008941650390625, 0.008331298828125, 0.01727294921875, 0.01207733154296875, -0.0007443428039550781, 0.00567626953125, 0.02386474609375, -0.013702392578125, 0.0170135498046875, -0.0119781494140625, -0.01000213623046875, -0.004375457763671875, -0.030487060546875, 0.018035888671875, -0.007450103759765625, 0.0203399658203125, 0.0020351409912109375, -0.00273895263671875, 0.0058441162109375, -0.004001617431640625, -0.00473785400390625, -0.0179901123046875, -0.00666046142578125, 0.013153076171875, -0.0050048828125, -9.590387344360352e-05, 0.01116180419921875, -0.023773193359375, -0.0301361083984375, 0.0009455680847167969, -0.006786346435546875, 0.004482269287109375, 0.007030487060546875, 0.0003452301025390625, -0.0099945068359375, -0.00021648406982421875, -0.00940704345703125, 0.0350341796875, -0.005420684814453125, 0.01751708984375, 0.0117340087890625, -0.006378173828125, -0.0013561248779296875, 0.001819610595703125, 0.00787353515625, -0.01044464111328125, -0.01739501953125, 0.031829833984375, 0.0064849853515625, -0.03857421875, -0.023712158203125, 0.04547119140625, -0.0115814208984375, -0.0379638671875, -0.036712646484375, -0.00940704345703125, -0.005687713623046875, 0.00936126708984375, 0.0008559226989746094, -0.0197296142578125, -0.01898193359375, -0.0015544891357421875, 0.0155487060546875, -0.0188140869140625, 0.014068603515625, -0.0170745849609375, -0.007080078125, 0.0020542144775390625, 0.004425048828125, -0.02105712890625, -0.043853759765625, -0.0217437744140625, -0.0038814544677734375, -0.006038665771484375, 0.004596710205078125, -0.01715087890625, -0.00901031494140625, 0.005832672119140625, 0.020904541015625, -0.0011377334594726562, -0.0181884765625, 0.0181884765625, -0.003635406494140625, -0.004917144775390625, -0.01102447509765625, 0.01059722900390625, -0.0111846923828125, 0.00762939453125, 0.003795623779296875, -0.0038394927978515625, 0.008270263671875, -0.00750732421875, -0.022216796875, 0.00873565673828125, -0.0216522216796875, -0.01163482666015625, 0.02435302734375, -0.00605010986328125, 0.004924774169921875, -0.0224456787109375, -0.015869140625, 0.0159454345703125, 0.009002685546875, -0.0190887451171875, 0.010009765625, -0.010009765625, -0.0007767677307128906, -0.006984710693359375, 0.0156402587890625, -0.01348876953125, -0.0004813671112060547, 0.045867919921875, 0.00659942626953125, -0.0018749237060546875, -0.00787353515625, 0.01430511474609375, -0.003597259521484375, 0.005733489990234375, -0.01032257080078125, -0.006298065185546875, 0.02740478515625, -0.0230712890625, 0.01080322265625, -0.00591278076171875, 0.006679534912109375, -0.0280609130859375, 0.0084228515625, 0.010009765625, 0.01110076904296875, -0.01428985595703125, -0.0020542144775390625, -0.00470733642578125, -0.0038433074951171875, 0.005657196044921875, -0.026763916015625, -0.0008726119995117188, -0.007495880126953125, -0.0201416015625, -0.00455474853515625, -0.01218414306640625, -0.0105743408203125, 0.016510009765625, 0.01183319091796875, -0.005405426025390625, 0.0093231201171875, 0.01084136962890625, 0.001750946044921875, -0.00643157958984375, -0.0064849853515625, -0.007274627685546875, 0.0007500648498535156, 0.0030918121337890625, 0.0017223358154296875, 0.0145416259765625, -0.006084442138671875, -0.0005965232849121094, -0.0013914108276367188, -0.0048370361328125, 0.00986480712890625, -0.00562286376953125, -0.0169677734375, 0.01064300537109375, -0.0182647705078125, -0.0269012451171875, 0.00510406494140625, 0.005062103271484375, 0.002685546875, 0.042266845703125, 0.034576416015625, 0.00815582275390625, -0.02667236328125, -0.010955810546875, -0.00555419921875, 0.01470184326171875, 0.0169219970703125, 0.00530242919921875, 0.022918701171875, 0.0165252685546875, 0.00315093994140625, -0.0120086669921875, -0.002330780029296875, 0.00800323486328125, -0.01349639892578125, 0.0097198486328125, -0.049285888671875, -0.005908966064453125, -5.066394805908203e-05, -0.0216064453125, 0.0095977783203125, 0.0010499954223632812, -0.026824951171875, -0.0033931732177734375, 0.00498199462890625, 0.0119476318359375, -0.0013380050659179688, -0.037628173828125, 0.006999969482421875, 0.003093719482421875, -0.0034389495849609375, 0.0229034423828125, -0.0004105567932128906, -0.024658203125, -0.020294189453125, 0.0257568359375, 0.00493621826171875, 0.01084136962890625, 0.00571441650390625, -0.0153045654296875, 0.00804901123046875, -0.0070037841796875, 0.01290130615234375, 0.01331329345703125, 1.627206802368164e-05, 0.016571044921875, -0.0023517608642578125, 0.01239013671875, -0.026031494140625, 0.028778076171875, 0.020111083984375, 0.0235137939453125, 0.0014028549194335938, -0.0181732177734375, 0.0131988525390625, -0.0205535888671875, -0.01226806640625, 0.00966644287109375, 0.0018892288208007812, -0.0047454833984375, 0.004283905029296875, 0.001056671142578125, 0.0078277587890625, 0.01190185546875, 0.017669677734375, -0.01509857177734375, 0.03125, 0.0882568359375, -0.00897216796875, -0.0030841827392578125, -0.041534423828125, 0.00621795654296875, 0.0253448486328125, 0.01117706298828125, 0.004314422607421875, 0.0196075439453125, -0.0036449432373046875, 0.003437042236328125, 0.00020372867584228516, 0.004070281982421875, -0.0009918212890625, -0.0110321044921875, -0.0056304931640625, -0.009613037109375, 0.014739990234375, -0.040191650390625, 0.005023956298828125, -0.00412750244140625, 0.0079498291015625, -0.020965576171875, 0.0248260498046875, -0.0004425048828125, 0.0099029541015625, 0.01226806640625, 0.0018625259399414062, 0.037628173828125, -0.032196044921875, 0.004486083984375, -0.0008831024169921875, 0.004650115966796875, 0.01503753662109375, 0.029876708984375, 0.033416748046875, -0.039154052734375, -0.00850677490234375, -0.024261474609375, -0.0200347900390625, 0.0009293556213378906, 0.0015850067138671875, -0.0116119384765625, -0.0015916824340820312, 0.0031604766845703125, 0.0006017684936523438, 0.018035888671875, -0.013336181640625, -0.0250091552734375, -0.0171051025390625, -0.01348114013671875, -0.01044464111328125, 0.0248870849609375, 0.0279388427734375, -0.002490997314453125, -0.004123687744140625, -0.031341552734375, 0.02728271484375, 0.012481689453125, 0.004413604736328125, 0.02496337890625, -0.0005517005920410156, -0.0009636878967285156, -0.0086517333984375, 0.0219268798828125, -0.01556396484375, -0.01715087890625, -0.007171630859375, -0.0104217529296875, -0.00518035888671875, 0.0182647705078125, -0.004070281982421875, -0.0155792236328125, -0.01549530029296875, 0.0157623291015625, 0.017333984375, -0.007476806640625, -0.033203125, 0.022705078125, -0.00571441650390625, -0.00562286376953125, -0.00734710693359375, 0.00113677978515625, 0.0024547576904296875, -0.01242828369140625, 0.005176544189453125, 0.01345062255859375, 0.00963592529296875, -0.0234375, -0.004428863525390625, -0.0037994384765625, -0.0147247314453125, 0.01837158203125, 0.01493072509765625, -0.0175323486328125, 0.00032711029052734375, -0.00998687744140625, 0.00992584228515625, -0.005908966064453125, 0.0107421875, -0.0088043212890625, 0.0175933837890625, 0.002132415771484375, 0.0006041526794433594, -0.0125274658203125, 0.0143280029296875, -0.010406494140625, 0.0301666259765625, 0.0010938644409179688, 0.004238128662109375, -0.002178192138671875, -0.004222869873046875, 0.02166748046875, 0.0161590576171875, -0.01018524169921875, -0.01280975341796875, -0.0275726318359375, 0.032470703125, 0.01288604736328125, 0.00799560546875, 0.0684814453125, -0.0028781890869140625, 0.0057373046875, -0.0207366943359375, 0.0065460205078125, 0.0155487060546875, -0.0207366943359375, 0.007297515869140625, 0.00643157958984375, 0.0030994415283203125, 0.0090789794921875, -0.0223236083984375, -0.02508544921875, -0.0256805419921875, 0.0204925537109375, -0.0079498291015625, 0.0012121200561523438, -0.0186920166015625, -0.01511383056640625, 0.0007915496826171875, -0.0222625732421875, 0.006191253662109375, -0.004726409912109375, -0.0141143798828125, 0.00107574462890625, 0.00628662109375, -0.01513671875, 0.018310546875, 0.020965576171875, 0.005619049072265625, 0.0196533203125, -0.0310516357421875, 0.00464630126953125, -0.01212310791015625, 0.00644683837890625, -0.0384521484375, -0.00299072265625, -0.0158538818359375, -0.0028591156005859375, -0.0188446044921875, -0.017578125, -0.00885772705078125, -0.027069091796875, -0.01265716552734375, -0.0234375, -0.023468017578125, 0.004665374755859375, 0.0188446044921875, 0.0146636962890625, -0.0202178955078125, -0.0007572174072265625, 0.004428863525390625, 0.0240936279296875, 0.00682830810546875, 0.005157470703125, -0.0265350341796875, 0.0016546249389648438, 0.009185791015625, 0.017730712890625, 0.00799560546875, 0.004177093505859375, 0.004596710205078125, 0.01593017578125, 0.0207977294921875, 0.0010013580322265625, -0.0008869171142578125, -0.002674102783203125, 0.0149383544921875, 0.0010128021240234375, -0.0029277801513671875, 0.0036869049072265625, -0.0002372264862060547, -0.00978851318359375, 0.00981903076171875, -0.0015649795532226562, -0.00827789306640625, -0.0102386474609375, -0.0003533363342285156, -0.0011720657348632812, 0.00263214111328125, -0.00572967529296875, -0.0198516845703125, -0.0189056396484375, 0.00909423828125, -0.01052093505859375, 0.00736236572265625, 0.00848388671875, 0.0191192626953125, 0.02215576171875, -0.0219879150390625, 0.0015497207641601562, 0.017333984375, -0.0169677734375, 0.02069091796875, 0.022247314453125, 0.0132598876953125, 0.0035495758056640625, -0.009307861328125, 0.00724029541015625, 0.00778961181640625, 0.00014102458953857422, 0.0291290283203125, -0.00814056396484375, -0.0180206298828125, 0.01453399658203125, -0.0067901611328125, -0.0035724639892578125, -0.0194854736328125, 0.00705718994140625, -0.010711669921875, 0.0250244140625, -0.004230499267578125, 0.011016845703125, 0.0018548965454101562, 0.00372314453125, -0.007701873779296875, 0.0004165172576904297, 0.005340576171875, -0.0123291015625, 0.00469970703125, 0.0064239501953125, -0.0034465789794921875, 0.017547607421875, -0.020263671875, 0.0250244140625, 0.0010852813720703125, -0.022705078125, -0.00263214111328125, -0.003177642822265625, -0.00490570068359375, -0.02276611328125, -0.0118255615234375, 0.010345458984375, 0.01485443115234375, 0.0007338523864746094, 0.0128021240234375, -0.019866943359375, -0.0011920928955078125, -0.036285400390625, -0.00960540771484375, 0.0233612060546875, -0.01300811767578125, 0.018890380859375, 0.006359100341796875, -0.0237274169921875, -0.0199127197265625, 0.031524658203125, 0.006622314453125, 0.0078887939453125, -0.0008234977722167969, -0.0007996559143066406, -0.005840301513671875, -0.0144500732421875, 0.0128173828125, 0.0170440673828125, -0.00994110107421875, 0.005908966064453125, -0.00577545166015625, -0.0119476318359375, 0.01898193359375, 0.0175628662109375, 0.01361083984375, -0.0013723373413085938, -0.03057861328125, 0.07110595703125, 0.00931549072265625, -0.0233306884765625, 0.00807952880859375, 0.043701171875, 0.0260162353515625, 0.022216796875, -0.0054779052734375, 0.001659393310546875, -0.0072174072265625, -0.06317138671875, 0.0007524490356445312, 0.042938232421875, 0.026641845703125, -0.01067352294921875, 0.0037555694580078125, 0.00737762451171875, 0.008392333984375, -0.004329681396484375, 0.00421142578125, 0.01499176025390625, 0.0178070068359375, 0.01380157470703125, -0.0108642578125, -0.003936767578125, -0.0036296844482421875, 0.007965087890625, 0.0130767822265625, 0.00824737548828125, -0.01128387451171875, 0.00380706787109375, 0.0016641616821289062, -0.010498046875, 0.021514892578125, 0.0086669921875, -9.548664093017578e-05, -0.0205078125, -0.0014772415161132812, 0.0187225341796875, 0.0016851425170898438, -0.004467010498046875, -0.0013685226440429688, -0.0037403106689453125, -0.01297760009765625, 0.007450103759765625, 0.0243988037109375, -0.0300445556640625, -0.0278472900390625, 0.004364013671875, -0.006046295166015625, 0.01345062255859375, 0.0132598876953125, 0.0200958251953125, -0.021270751953125, 0.018951416015625, -0.0095062255859375, -0.007061004638671875, -0.0109100341796875, 0.0279388427734375, 0.00118255615234375, 0.020263671875, 0.021636962890625, -0.0257415771484375, 0.017791748046875, -0.0119476318359375, 0.01904296875, 0.01253509521484375, -0.01349639892578125, -0.0244903564453125, -0.01042938232421875, -0.01102447509765625, -0.044158935546875, -0.0128173828125, 0.0133819580078125, -0.00634765625, -0.00823974609375, 0.00629425048828125, 0.01035308837890625, 0.022247314453125, 0.01255035400390625, 0.0058135986328125, -0.01546478271484375, -0.034759521484375, 0.0230560302734375, -0.009521484375, 0.00506591796875, 0.00966644287109375, 0.0025501251220703125, -0.0177459716796875, 0.01284027099609375, 0.0172119140625, -0.0035305023193359375, 0.0083465576171875, -0.0264434814453125, 0.0277099609375, 0.00226593017578125, -0.0123291015625, 0.037994384765625, 0.0084228515625, -0.008941650390625, 0.00896453857421875, -0.01055908203125, 0.01055145263671875, 0.00484466552734375, -0.00254058837890625, 0.0015125274658203125, 0.011688232421875, 0.0273895263671875, 0.0013856887817382812, 0.01021575927734375, -0.01316070556640625, 0.0148162841796875, 0.022216796875, 0.01186370849609375, 0.0021877288818359375, -0.0087738037109375, -0.008575439453125, 0.0030918121337890625, -0.00588226318359375, -0.00614166259765625, 0.005950927734375, -0.00902557373046875, -0.00966644287109375, -0.0196685791015625, -0.0144195556640625, -0.034332275390625, 0.007080078125, -0.0216827392578125, 0.0179443359375, 0.0095062255859375, 0.01303863525390625, 0.00533294677734375, -0.0021343231201171875, -0.016021728515625, 0.0148162841796875, 0.005924224853515625, 0.016937255859375, -0.00742340087890625, -0.0048675537109375, 0.020904541015625, 0.031097412109375, 0.010833740234375, 0.0240020751953125, 0.01806640625, 0.012786865234375, -0.006557464599609375, 0.0090789794921875, -0.011993408203125, 0.01287841796875, 0.0115814208984375, -0.002288818359375, -0.0021038055419921875, -0.02008056640625, -0.002239227294921875, -0.002956390380859375, 0.00347137451171875, -0.0169677734375, -0.0130157470703125, -0.01509857177734375, 0.005062103271484375, -0.034759521484375, 0.023101806640625, 0.0294189453125, -0.020111083984375, 0.00989532470703125, -0.005950927734375, 0.003276824951171875, 0.0015926361083984375, -0.007137298583984375, 0.00237274169921875, 0.01291656494140625, -0.00616455078125, 0.0004124641418457031, 0.0077972412109375, 0.0128021240234375, 0.0160675048828125, -0.0408935546875, 0.00800323486328125, -0.01114654541015625, 0.0178680419921875, -0.04718017578125, -0.01593017578125, -0.00498199462890625, -0.01068115234375, 0.0003581047058105469, 0.0145263671875, -0.003940582275390625, 0.0027599334716796875, -0.0214080810546875, 0.00913238525390625, -0.007518768310546875, -0.0178070068359375, -0.0030841827392578125, -0.004886627197265625, -0.0212554931640625, -0.00614166259765625, 0.0160675048828125, 0.00838470458984375, -0.01302337646484375, 0.005733489990234375, -0.00992584228515625, -0.0133056640625, 0.016998291015625, -0.0223846435546875, 0.0012559890747070312, 0.00521087646484375, -0.01291656494140625, -0.011749267578125, 0.00789642333984375, 0.0081939697265625, 0.0074005126953125, 0.019989013671875, -0.003238677978515625, 0.0025348663330078125, -0.015625, -0.00010675191879272461, -0.03179931640625, 0.00727081298828125, -0.0012760162353515625, -0.006740570068359375, -0.006435394287109375, 0.004848480224609375, 0.004241943359375, 0.0164642333984375, 0.015777587890625, -0.004955291748046875, -0.0101776123046875, -0.0262603759765625, -0.01335906982421875, 0.0045166015625, 0.024505615234375, 0.00525665283203125, 0.0029392242431640625, -0.0141754150390625, -0.0174713134765625, -0.00897216796875, -0.0020503997802734375, 0.0025920867919921875, 0.0206298828125, -0.004734039306640625, -0.0032672882080078125, 0.0196075439453125, -0.00513458251953125, 0.005931854248046875, 0.0013017654418945312, -0.00640869140625, 0.0057373046875, 0.00548553466796875, 0.0183258056640625, -0.0006380081176757812, 0.0009598731994628906, 0.016693115234375, 0.0260162353515625, -0.01062774658203125, 0.006092071533203125, 0.0134429931640625, -0.0186309814453125, 0.01146697998046875, 0.023406982421875, -0.006389617919921875, 0.0103302001953125, -0.0038433074951171875, -0.0236663818359375, -0.01218414306640625, -0.0193634033203125, -0.02606201171875, -0.002475738525390625, 0.0254364013671875, -0.005176544189453125, 0.00555419921875, -0.0008969306945800781, -0.011444091796875, -0.03167724609375, 0.07147216796875, 0.015869140625, 0.00705718994140625, 0.0124664306640625, 0.0112457275390625, 0.028472900390625, 0.0018329620361328125, 0.0009684562683105469, 0.00254058837890625, -0.0198974609375, 0.00994110107421875, 0.0168609619140625, -0.01078033447265625, -0.01181793212890625, 0.00788116455078125, 0.01236724853515625, -0.0007510185241699219, -0.01369476318359375, -0.001819610595703125, 0.00731658935546875, -0.0028438568115234375, -0.0157928466796875, -0.01110076904296875, -0.0012769699096679688, 0.00848388671875, -0.00424957275390625, -0.0155487060546875, -0.006549835205078125, 0.0181121826171875, -0.01763916015625, -0.015838623046875, 0.0157012939453125, -0.0133819580078125, 0.01461029052734375, 0.0015401840209960938, 0.00029087066650390625, 0.011383056640625, 0.026153564453125, -0.023895263671875, 0.03118896484375, 0.02099609375, 0.008056640625, 0.031494140625, -0.0073089599609375, 0.003204345703125, -0.004192352294921875, 0.01380157470703125, -0.010467529296875, -0.00958251953125, -0.004974365234375, -0.00403594970703125, 6.949901580810547e-05, 0.00632476806640625, 0.0213165283203125, -0.017822265625, -0.0012350082397460938, -0.0018243789672851562, 0.00146484375, 0.01396942138671875, -0.00543212890625, -0.003231048583984375, -0.00286865234375, -0.005939483642578125, 0.0004353523254394531, -0.0023670196533203125, -0.00548553466796875, -0.002643585205078125, -0.032318115234375, 0.0199127197265625, -0.004863739013671875, -0.0019817352294921875, -0.022064208984375, -0.00380706787109375, -0.01055908203125, -0.00511932373046875, 0.01222991943359375, -0.0006041526794433594, 0.0096893310546875, -0.038543701171875, 0.028778076171875, 0.011566162109375, 0.0035247802734375, 0.01751708984375, -0.014007568359375, -0.00998687744140625, -0.01178741455078125, 0.00833892822265625, -0.004505157470703125, -0.00992584228515625, 0.0006976127624511719, -0.0137481689453125, -0.01275634765625, -0.01116180419921875, 0.0018396377563476562, -0.01039886474609375, 0.003963470458984375, -0.0054168701171875, -0.0028171539306640625, 0.00936126708984375, 0.0205078125, -0.0224609375, 0.0009765625, -0.024505615234375, 0.01033782958984375, 0.00693511962890625, -0.0009398460388183594, -0.0087432861328125, -0.0016336441040039062, -0.028717041015625, 0.0292205810546875, -0.0146026611328125, -0.002414703369140625, -0.01134490966796875, -0.0170135498046875, -0.0207977294921875, -0.01290130615234375, 0.0171051025390625, -0.0110015869140625, 0.01502227783203125, -0.0115966796875, -0.001804351806640625, -0.0117950439453125, -0.0105743408203125, 0.0226593017578125, 0.01418304443359375, 0.0297698974609375, 0.01219940185546875, 0.016571044921875, -0.0215606689453125, 0.0006036758422851562, 0.004970550537109375, -0.00400543212890625, 0.027862548828125, -0.0140533447265625, -0.00565338134765625, 0.01861572265625, -0.01922607421875, 0.012054443359375, -0.0191497802734375, -0.0036029815673828125, 0.0177001953125, 0.006256103515625, 0.003452301025390625, -0.01335906982421875, 0.01027679443359375, -0.043243408203125, 0.02606201171875, 0.0301055908203125, 0.0106353759765625, 0.01165771484375, -0.013671875, 0.01349639892578125, 0.006298065185546875, -0.00611114501953125, 1.8537044525146484e-05, -0.031951904296875, 0.004058837890625, -0.00621795654296875, -0.002155303955078125, 0.00901031494140625, 0.00450897216796875, -0.013641357421875, 0.025909423828125, 0.01953125, 0.003398895263671875, -0.0035419464111328125, -0.0030651092529296875, 0.00785064697265625, -0.0268402099609375, 0.00638580322265625, 0.005153656005859375, 0.00305938720703125, -0.0121307373046875, -0.021392822265625, 0.01509857177734375, -0.00989532470703125, 0.0162811279296875, 0.0037746429443359375, 0.0096282958984375, -0.00804901123046875, -0.0126953125, 0.0020847320556640625, -0.0031261444091796875, 0.01371002197265625, 0.0167236328125, -0.0245361328125, 0.0005106925964355469, -0.0024929046630859375, 0.005420684814453125, -0.0253753662109375, 0.0056915283203125, -0.0019073486328125, -0.0289459228515625, -0.0032806396484375, 0.02777099609375, -0.01187896728515625, -0.004638671875, -0.0049285888671875, 0.0019130706787109375, 0.005908966064453125, -0.0079803466796875, 0.0005588531494140625, 0.01226043701171875, 0.01511383056640625, -0.01209259033203125, 0.0080413818359375, -0.00556182861328125, -0.0002092123031616211, -0.030029296875, 0.0203094482421875, 0.003932952880859375, -0.013519287109375, -0.0174713134765625, -0.0098724365234375, -0.00688934326171875, 0.011016845703125, -0.00304412841796875, -0.0034503936767578125, 0.01177215576171875, 0.01009368896484375, -0.0157470703125, -0.004024505615234375, -0.007495880126953125, -0.01111602783203125, -0.02911376953125, -0.0227203369140625, 0.00496673583984375, -0.008697509765625, -0.00688934326171875, -0.0127105712890625, 0.0103912353515625, 0.0081329345703125, -0.01367950439453125, -0.061553955078125, 0.0147705078125, -0.0006833076477050781, -0.00678253173828125, -0.0092620849609375, 0.003143310546875, 0.00518798828125, 0.007114410400390625, -0.018951416015625, -0.04669189453125, 0.0018939971923828125, -0.00981903076171875, 0.00836944580078125, 0.021453857421875, -0.0153045654296875, -0.010498046875, 0.001628875732421875, -0.016998291015625, 0.00616455078125, -0.0240325927734375, 0.0229339599609375, 0.00728607177734375, 0.00818634033203125, 0.00848388671875, 0.034393310546875, -0.0148468017578125, -0.002445220947265625, 0.028778076171875, -0.0065155029296875, 0.023956298828125, 0.0073089599609375, -0.01490020751953125, -0.0103302001953125, 0.0150299072265625, -0.0037822723388671875, 0.0006051063537597656, 0.005031585693359375, -0.00437164306640625, 0.00719451904296875, 0.015625, -0.0032329559326171875, 0.004451751708984375, -0.01003265380859375, 0.007171630859375, 0.004055023193359375, 0.002559661865234375, 0.0263824462890625, -0.01580810546875, 0.02984619140625, 0.0102386474609375, -0.007549285888671875, -0.003353118896484375, 0.005596160888671875, 0.0043487548828125, -0.0170135498046875, 0.0060272216796875, 0.0032787322998046875, 0.0110015869140625, -0.019134521484375, 0.00717926025390625, -0.029541015625, -0.0144195556640625, -0.0108795166015625, -0.003223419189453125, 0.01206207275390625, 0.00937652587890625, 0.0011777877807617188, 0.0011272430419921875, -0.0038394927978515625, -0.0079345703125, -0.0009832382202148438, 0.00815582275390625, 0.018310546875, -0.00939178466796875, -0.01448822021484375, 0.00872039794921875, 0.03570556640625, 0.0413818359375, 0.00604248046875, 0.006412506103515625, -0.0115966796875, 0.01454925537109375, 0.0035572052001953125, -0.008514404296875, -0.0164794921875, 0.0037994384765625, 0.0011396408081054688, -0.027923583984375, 0.01136016845703125, -0.0147857666015625, 0.0001728534698486328, 0.006977081298828125, -0.001972198486328125, -0.00675201416015625, 0.012542724609375, -0.006748199462890625, 0.007598876953125, -0.01357269287109375, -0.0018768310546875, 0.0013675689697265625, 0.0181884765625, -0.0066680908203125, 0.0017747879028320312, -0.0015735626220703125, 0.0016460418701171875, 0.0016765594482421875, 0.003345489501953125, 0.01236724853515625, 0.0016307830810546875, 0.0133819580078125, -0.003818511962890625, -0.0021572113037109375, -0.01470947265625, -0.0310516357421875, -0.01250457763671875, 0.01029205322265625, -0.0016412734985351562, 0.0240936279296875, -0.01568603515625, -0.00391387939453125, -0.00830841064453125, 0.0236358642578125, -0.0248260498046875, 0.016693115234375, 0.008087158203125, 0.004207611083984375, 0.0318603515625, -0.002201080322265625, -0.0124664306640625, 0.0205230712890625, 0.002910614013671875, -0.006259918212890625, -0.0062103271484375, 0.0212554931640625, -0.004863739013671875, -0.01287841796875, 0.00231170654296875, 0.01262664794921875, 0.025177001953125, 0.01287078857421875, 0.004322052001953125, -0.0010290145874023438, 0.022918701171875, -0.00888824462890625, -0.0034809112548828125, 0.0030574798583984375, -0.00559234619140625, 0.01433563232421875, 0.0293121337890625, 0.008270263671875, -0.01788330078125, -0.0013456344604492188, -0.0189971923828125, 0.01206207275390625, 0.00989532470703125, 0.008392333984375, 0.0208282470703125, 0.01898193359375, 0.0176239013671875, 0.00688934326171875, 0.026702880859375, -0.0073699951171875, 0.0160369873046875, -0.0003268718719482422, -0.01280975341796875, 0.01129913330078125, 0.0275726318359375, 0.016265869140625, 0.0307769775390625, -0.01427459716796875, -0.0222320556640625, 0.0148468017578125, 0.0181732177734375, 0.0018253326416015625, 0.01020050048828125, -0.01201629638671875, -0.0004420280456542969, -0.01552581787109375, -0.005069732666015625, 0.004161834716796875, 0.029296875, -0.0025615692138671875, -0.0085296630859375, -0.010894775390625, 0.0180511474609375, 0.024139404296875, -0.007236480712890625, -0.00850677490234375, 0.01113128662109375, 0.0065155029296875, 0.00960540771484375, 0.0237274169921875, 0.00710296630859375, -0.0028362274169921875, -0.0142669677734375, -0.0019989013671875, -0.01129150390625, 0.003063201904296875, 0.0197601318359375, 0.00270843505859375, 0.017333984375, -0.00565338134765625, 0.01113128662109375, -0.00983428955078125, -0.0029926300048828125, 0.00878143310546875, -0.02490234375, -0.0048065185546875, 0.01137542724609375, 0.0047454833984375, 0.01739501953125, -0.006710052490234375, -0.00255584716796875, -0.0002294778823852539, -0.0029811859130859375, -0.02020263671875, -0.0103302001953125, 0.0183868408203125, -0.0048828125, -0.011627197265625, 0.031707763671875, 0.07574462890625, -0.0007190704345703125, -0.0151519775390625, -0.00084686279296875, 0.031402587890625, -0.00450897216796875, 0.005565643310546875, -0.0213470458984375, 0.006381988525390625, -0.0183563232421875, -0.004795074462890625, -0.0038700103759765625, 0.0106048583984375, -0.01568603515625, -0.040313720703125, 0.039459228515625, 0.0022945404052734375, 0.016082763671875, 0.0005712509155273438, -0.005584716796875, 0.00400543212890625, -0.0098114013671875, 0.01427459716796875, 0.01335906982421875, -0.00807952880859375, 0.01541900634765625, -0.005245208740234375, -0.00872802734375, 0.01131439208984375, -0.00226593017578125, 0.005615234375, 0.0235748291015625, 0.0255889892578125, 0.00032401084899902344, -0.0200653076171875, 0.0027370452880859375, 0.0221710205078125, -0.0074310302734375, 0.0031299591064453125, 0.0321044921875, -0.0024433135986328125, 0.007213592529296875, 0.0152740478515625, 0.0032444000244140625, -0.00803375244140625, -0.0008611679077148438, -0.017669677734375, -0.004482269287109375, 0.0267333984375, 0.0267181396484375, -0.004390716552734375, 0.016448974609375, -0.010772705078125, -0.01279449462890625, -0.006439208984375, 0.0013332366943359375, -0.00960540771484375, -0.000667572021484375, 0.00942230224609375, 0.01349639892578125, 0.0025634765625, -0.0433349609375, -0.01209259033203125, -0.01355743408203125, -0.0022792816162109375, 0.00470733642578125, 0.0027713775634765625, -0.0009655952453613281, -0.0156402587890625, -0.025787353515625, -0.0016994476318359375, -0.01445770263671875, -0.00890350341796875, 0.0261383056640625, -0.01131439208984375, -0.00847625732421875, 0.0098419189453125, -0.0318603515625, -0.01195526123046875, 0.01212310791015625, -0.01544952392578125, -0.00649261474609375, 0.024810791015625, -4.696846008300781e-05, 0.00531005859375, 0.0031185150146484375, 0.0174407958984375, -0.021331787109375, -0.0050811767578125, 0.0240936279296875, 0.0022563934326171875, 0.0092620849609375, -0.004913330078125, -0.01151275634765625, -0.016021728515625, 0.01629638671875, 0.022308349609375, -0.02117919921875, -0.000762939453125, 0.0048675537109375, 3.9517879486083984e-05, -0.0128326416015625, -0.0017948150634765625, 0.00997161865234375, -0.006969451904296875, -0.02227783203125, -0.00836944580078125, 0.0191802978515625, -0.00677490234375, -0.0081329345703125, -0.00743865966796875, -0.0008645057678222656, 0.0030059814453125, 0.006381988525390625, -0.023529052734375, 0.0131988525390625, -0.0033664703369140625, -0.0017728805541992188, 0.0081024169921875, -0.01131439208984375, 0.01145172119140625, -0.0165863037109375, 0.019805908203125, 0.0183563232421875, -0.00020420551300048828, 0.0093536376953125, -0.0023651123046875, -0.0081329345703125, 0.0308380126953125, -0.019866943359375, 0.009368896484375, -0.007518768310546875, -0.00876617431640625, -0.0257568359375, -0.004425048828125, -0.01552581787109375, -0.0078125, -0.0113067626953125, -0.0018682479858398438, -0.00910186767578125, 0.003025054931640625, -0.00055694580078125, 0.00726318359375, -0.00507354736328125, 0.0144805908203125, 0.005950927734375, -0.0043792724609375, -0.029693603515625, -0.0230865478515625, -0.01953125, 0.00286102294921875, -0.0199432373046875, -0.0036487579345703125, -0.0025424957275390625, -0.00014090538024902344, 0.048828125, 0.0036869049072265625, 0.006855010986328125, 0.004985809326171875, 0.0105438232421875, 0.01241302490234375, -0.01276397705078125, 0.004669189453125, 0.00969696044921875, 0.004711151123046875, 0.0277557373046875, -0.0010423660278320312, -0.0207977294921875, -0.0048828125, -0.006626129150390625, -0.0009446144104003906, -0.01390838623046875, 0.0087127685546875, 0.0015621185302734375, -0.01377105712890625, -0.0202789306640625, -0.0037631988525390625, 0.01318359375, -0.004913330078125, -0.0098724365234375, -0.0203399658203125, 0.00362396240234375, -0.004642486572265625, -0.0016317367553710938, 0.0184173583984375, 0.0030117034912109375, -0.01100921630859375, -0.0260467529296875, -0.0003056526184082031, -0.06414794921875, 0.0001596212387084961, 0.004726409912109375, 0.01001739501953125, -0.0180206298828125, -0.0016651153564453125, 0.00984954833984375, 0.022369384765625, 0.004055023193359375, -0.020904541015625, -0.0030117034912109375, -0.00914764404296875, -0.0013856887817382812, -0.02984619140625, 0.0081787109375, 0.004573822021484375, -0.01174163818359375, -0.00122833251953125, 0.0194091796875, 0.00406646728515625, 0.018310546875, -0.002773284912109375, -0.0192413330078125, 0.0240020751953125, -0.0114288330078125, -0.0222320556640625, -0.00794219970703125, -0.033721923828125, 4.506111145019531e-05, 0.0006623268127441406, 0.0220794677734375, -0.0214385986328125, 0.004810333251953125, 0.0234527587890625, 0.0011796951293945312, -0.010833740234375, -0.0007619857788085938, 0.0227508544921875, -0.0099334716796875, -0.03839111328125, -0.0002758502960205078, 0.0172119140625, -0.0039520263671875, -0.00189971923828125, -0.022308349609375, 0.002056121826171875, -0.0008106231689453125, 0.007843017578125, -0.0243072509765625, -0.0116424560546875, 0.017242431640625, 0.01537322998046875, -0.0114288330078125, -0.0406494140625, -0.02069091796875, -0.02484130859375, 0.002532958984375, 0.00962066650390625, 0.0114288330078125, -0.00927734375, -0.002841949462890625, -0.00952911376953125, -0.022735595703125, 0.026702880859375, -0.0081787109375, 0.026763916015625, -0.0230865478515625, -0.018157958984375, -0.041259765625, -0.004016876220703125, 0.003940582275390625, 0.014312744140625, 0.003421783447265625, -0.00307464599609375, 0.0012378692626953125, -0.01418304443359375, -0.00905609130859375, -0.0100555419921875, 0.006134033203125, 0.0013561248779296875, 0.01207733154296875, -0.003509521484375, 0.00191497802734375, -0.0271759033203125, -0.009674072265625, 0.03192138671875, 0.002162933349609375, 0.01508331298828125, -0.0021839141845703125, -0.002330780029296875, 0.011871337890625, -0.002162933349609375, 0.0175628662109375, 0.0015277862548828125, -0.0162811279296875, 0.005962371826171875, 0.006404876708984375, 0.004032135009765625, -0.0135650634765625, -0.0235595703125, 0.00475311279296875, 0.0010519027709960938, 0.01439666748046875, -0.0379638671875, -0.012451171875, -0.0283203125, 0.0055084228515625, 0.004669189453125, 0.0214691162109375, -0.0045318603515625, 0.0016498565673828125, 0.01873779296875, -0.0016231536865234375, 0.01428985595703125, -0.01134490966796875, 4.1365623474121094e-05, 0.0029811859130859375, -0.0109405517578125, 0.0035400390625, -0.00015795230865478516, 0.002105712890625, -0.01363372802734375, -0.02020263671875, 0.01380157470703125, -0.01995849609375, -0.004138946533203125, 0.00557708740234375, -0.0009326934814453125, -0.0254669189453125, -0.0005431175231933594, -0.0041351318359375, -0.0014066696166992188, -0.0072174072265625, -0.0027599334716796875, -0.01009368896484375, 0.04388427734375, 0.0172119140625, -0.0036678314208984375, 0.0296630859375, 0.0015726089477539062, -0.0011625289916992188, 0.006755828857421875, -0.02392578125, -0.0139617919921875, -0.004024505615234375, -0.00934600830078125, -0.0164337158203125, -0.0185089111328125, -0.00983428955078125, -0.0069580078125, 0.0318603515625, -0.0413818359375, -0.031951904296875, -0.0099334716796875, 0.0097808837890625, 0.0258026123046875, -0.00836944580078125, -0.002597808837890625, -0.0151824951171875, -0.00016045570373535156, -0.0274658203125, 0.0025119781494140625, -0.0013217926025390625, -0.00689697265625, 0.004787445068359375, 0.010162353515625, 0.00469970703125, -0.0306854248046875, 0.0025157928466796875, 0.01019287109375, -0.0020084381103515625, -0.01325225830078125, -0.0009584426879882812, -0.007396697998046875, -0.0213623046875, -0.0236053466796875, -0.00565338134765625, -0.004734039306640625, -0.01251220703125, 0.01383209228515625, -0.017181396484375, -0.01007843017578125, 0.0146942138671875, 0.0034999847412109375, 0.00917816162109375, 0.001499176025390625, -0.00939178466796875, -0.01274871826171875, 0.0148162841796875, -0.001422882080078125, 0.00542449951171875, 0.0135498046875, 0.0009179115295410156, -0.0054473876953125, 0.0004982948303222656, 0.0009965896606445312, -0.027587890625, -0.046722412109375, -0.010284423828125, -0.02935791015625, 0.006687164306640625, 0.018035888671875, -0.0008993148803710938, 0.024566650390625, -0.00234222412109375, -0.0111236572265625, 3.5762786865234375e-07, -0.0012655258178710938, 0.005489349365234375, 0.0105438232421875, -0.03759765625, 0.01377105712890625, -0.00926971435546875, -0.0183868408203125, 0.01401519775390625, -0.005435943603515625, 0.0010089874267578125, -0.00792694091796875, -0.02630615234375, 0.0024318695068359375, 0.0009169578552246094, -0.0229034423828125, -0.0037708282470703125, 0.00548553466796875, -0.012786865234375, -0.0149383544921875, -0.01702880859375, -0.0235137939453125, 0.009033203125, 0.0189361572265625, 0.002513885498046875, -0.0082550048828125, 0.0080108642578125, -0.0227508544921875, -0.01511383056640625, -0.0157470703125, -0.0182647705078125, -0.0230865478515625, -0.03271484375, -0.03216552734375, -0.0011796951293945312, -0.0015401840209960938, 0.005245208740234375, 0.00606536865234375, 0.031585693359375, 0.0036411285400390625, 0.01403045654296875, -0.00873565673828125, 0.0169677734375, -0.0011005401611328125, -0.0104827880859375, 0.00957489013671875, 0.0169830322265625, 0.0010061264038085938, -0.00429534912109375, -0.00798797607421875, 0.00524139404296875, 0.043304443359375, -0.006103515625, -0.0223388671875, -0.006862640380859375, 0.003826141357421875, -0.006591796875, -0.007701873779296875, 0.01605224609375, 0.0110321044921875, 0.0168609619140625, -0.0101318359375, 0.017578125, -0.01032257080078125, 0.043670654296875, 0.004917144775390625, -0.01432037353515625, -0.0027446746826171875, 0.01372528076171875, 0.028533935546875, 0.0082855224609375, 0.01471710205078125, 0.0164794921875, -0.01045989990234375, 0.004650115966796875, 0.016204833984375, 0.0194854736328125, 0.01146697998046875, -0.012969970703125, 0.0253448486328125, -0.005687713623046875, -0.021240234375, 0.00600433349609375, -0.00609588623046875, 0.013214111328125, -0.00453948974609375, 0.032379150390625, -0.01506805419921875, 0.00848388671875, -0.00888824462890625, 0.028778076171875, 0.010009765625, -0.0100860595703125, 0.01025390625, 0.0226898193359375, -0.0037364959716796875, 0.01306915283203125, -0.00910186767578125, -0.026214599609375, 0.003276824951171875, -0.00458526611328125, 0.0153350830078125, -0.006610870361328125, -0.0226287841796875, -0.0003895759582519531, -0.0157318115234375, 0.006366729736328125, 0.005199432373046875, -0.01026153564453125, 0.01788330078125, -0.00189971923828125, -0.00016891956329345703, 0.00716400146484375, 0.0004203319549560547, -0.003238677978515625, 0.000640869140625, 0.016571044921875, -0.005779266357421875, -0.002834320068359375, 0.01535797119140625, 0.021728515625, 0.006626129150390625, 0.00888824462890625, 0.0239410400390625, -0.0294952392578125, -0.01023101806640625, -0.0085601806640625, -0.00640106201171875, 0.0025577545166015625, -0.01715087890625, -0.006984710693359375, 0.0140533447265625, 0.012786865234375, -0.00020384788513183594, -0.032470703125, 0.018768310546875, -0.0094451904296875, -0.005786895751953125, 0.01416015625, -0.0008363723754882812, 0.00762176513671875, -0.00968170166015625, 0.037139892578125, -0.01861572265625, 0.00565338134765625, -0.008209228515625, -0.002643585205078125, 0.0109710693359375, -0.01062774658203125, 0.002704620361328125, 0.019683837890625, -0.0210723876953125, 0.00739288330078125, 0.00461578369140625, 0.0309295654296875, 0.009765625, -0.004703521728515625, -0.01491546630859375, -0.023895263671875, 0.01016998291015625, 0.009918212890625, 0.0232696533203125, -0.021331787109375, -0.00438690185546875, -0.007259368896484375, -0.00551605224609375, -0.0008249282836914062, 0.004482269287109375, -0.01050567626953125, -0.00211334228515625, -0.0015020370483398438, 0.002979278564453125, 0.01904296875, -0.01019287109375, 0.001850128173828125, 0.016510009765625, -0.010955810546875, -0.01873779296875, 0.032745361328125, -0.0158233642578125, 0.02435302734375, 0.01058197021484375, -0.00231170654296875, 0.00406646728515625, -0.00246429443359375, -0.00530242919921875, -0.00698089599609375, 0.00780487060546875, 0.01454925537109375, -0.014801025390625, -0.0350341796875, 0.0074005126953125, -0.015594482421875, -0.00274658203125, 0.01629638671875, 0.01108551025390625, -0.00213623046875, 0.0215911865234375, 0.013427734375, 0.022430419921875, 0.0026950836181640625, -0.0147705078125, -0.006404876708984375, 0.0207977294921875, 0.0009069442749023438, 0.01078033447265625, 0.0217437744140625, -0.00765228271484375, -0.01129913330078125, -0.01316070556640625, 0.0026950836181640625, 0.0057830810546875, -0.0085296630859375, -0.001590728759765625, 0.01739501953125, -0.03369140625, -0.0127410888671875, -0.0161590576171875, -0.01172637939453125, 0.020904541015625, 0.006103515625, -0.0297698974609375, 0.00689697265625, 0.004852294921875, 0.0035152435302734375, 0.034423828125, -1.8656253814697266e-05, 0.014404296875, 0.0229034423828125, -0.0037097930908203125, 0.007007598876953125, 0.00908660888671875, 0.0237274169921875, -0.0081634521484375, 0.0103912353515625, 0.007282257080078125, -0.0014934539794921875, 0.021148681640625, 0.007274627685546875, -0.038604736328125, -0.0002887248992919922, 0.017486572265625, 0.00148773193359375, -0.01325225830078125, 0.003208160400390625, -0.0037250518798828125, -0.0190887451171875, -0.005100250244140625, 0.004863739013671875, -0.009552001953125, 0.006072998046875, -0.004413604736328125, -0.016082763671875, -0.003154754638671875, -0.004573822021484375, 0.0195770263671875, 0.00017309188842773438, 0.00958251953125, 0.038238525390625, -0.0218963623046875, -0.011260986328125, 0.0204010009765625, 0.00838470458984375, 0.018463134765625, 0.01277923583984375, -0.00811004638671875, -0.01114654541015625, 0.025909423828125, -0.015960693359375, 0.0031490325927734375, 0.01335906982421875, -0.0007996559143066406, 0.0245208740234375, -0.00389862060546875, -0.01326751708984375, -0.0021381378173828125, 0.00600433349609375, -0.0039215087890625, 0.00614166259765625, -0.0126495361328125, -0.0113067626953125, 0.006229400634765625, -0.0222015380859375, 0.009033203125, 0.00860595703125, 0.01268768310546875, -0.01171875, -0.01031494140625, 0.0209197998046875, -0.0180816650390625, 0.0236358642578125, 0.0029087066650390625, 0.0194854736328125, 0.0012226104736328125, 0.00616455078125, 0.0235137939453125, -0.0016736984252929688, 0.001300811767578125, -0.01047515869140625, -0.0149688720703125, -0.020263671875, -0.01137542724609375, 0.0035381317138671875, 0.0014247894287109375, -0.018646240234375, 0.005580902099609375, -0.0010709762573242188, -0.01222991943359375, -0.0038814544677734375, 0.001117706298828125, 0.01120758056640625, 0.001354217529296875, 0.0224456787109375, -0.00791168212890625, -0.004150390625, 0.005710601806640625, -0.0026092529296875, 0.0183258056640625, 0.04290771484375, -0.029144287109375, -0.01015472412109375, -0.039459228515625, 0.004764556884765625, -0.002513885498046875, -0.01236724853515625, 0.0406494140625, 0.007495880126953125, -0.0040740966796875, -0.0018472671508789062, 0.0124053955078125, 0.0240478515625, 0.004787445068359375, 0.0265350341796875, -0.0016469955444335938, 0.017181396484375, 0.00466156005859375, 0.007686614990234375, 0.0157318115234375, 0.01059722900390625, 0.0159912109375, -0.00502777099609375, 0.02532958984375, 0.02215576171875, 0.004611968994140625, 0.00453948974609375, -0.016754150390625, -0.0011920928955078125, 0.0301971435546875, 0.00963592529296875, 0.0021915435791015625, 0.025115966796875, -0.00421905517578125, 0.0066070556640625, -0.017608642578125, -0.0193328857421875, -0.010406494140625, 0.00015795230865478516, 0.004150390625, 0.0008087158203125, 0.0014286041259765625, -0.01214599609375, 0.00550079345703125, 0.017364501953125, -0.002468109130859375, -0.05682373046875, -0.004993438720703125, 0.0193634033203125, 0.0018453598022460938, 0.040283203125, 0.00513458251953125, -0.0123748779296875, -0.00334930419921875, 0.00997161865234375, -0.004734039306640625, 0.0025463104248046875, 0.00913238525390625, 0.006744384765625, 0.005645751953125, 0.006496429443359375, -0.0021820068359375, -0.00327301025390625, -0.00954437255859375, -0.0106048583984375, 0.0166473388671875, -0.01824951171875, -0.0022106170654296875, 0.00940704345703125, -0.0236053466796875, 0.0079345703125, 0.02239990234375, -0.00440216064453125, -0.01715087890625, -0.001644134521484375, 0.01538848876953125, -0.01629638671875, 0.00437164306640625, -0.0165557861328125, 0.0029296875, -0.0107421875, 0.007678985595703125, -0.006824493408203125, -0.0261688232421875, 0.0060882568359375, -0.007480621337890625, 0.006256103515625, 0.0161895751953125, -0.0034694671630859375, 0.0053253173828125, 0.01094818115234375, 0.00888824462890625, -0.00295257568359375, -0.00689697265625, 0.033294677734375, 0.0049285888671875, -0.007328033447265625, -0.031341552734375, 0.028717041015625, 0.00911712646484375, 0.00508880615234375, -0.01352691650390625, 0.0250396728515625, 0.0130767822265625, -0.007091522216796875, 0.014312744140625, -0.00514984130859375, 0.0030612945556640625, 0.01367950439453125, 0.0211334228515625, 0.011322021484375, -0.00876617431640625, 0.0104827880859375, 0.01971435546875, 0.0152435302734375, 0.01343536376953125, -0.0271148681640625, -0.017608642578125, 0.0255889892578125, 0.0206451416015625, -3.039836883544922e-06, -0.005218505859375, -0.0138702392578125, 0.01324462890625, -0.0272674560546875, -0.021942138671875, 0.007686614990234375, -0.0023822784423828125, -0.057281494140625, -0.0091705322265625, 0.0197906494140625, -0.00815582275390625, 0.01546478271484375, -0.002758026123046875, -0.0190277099609375, -0.0307464599609375, 0.015228271484375, 0.01392364501953125, 0.00688934326171875, 0.0019512176513671875, -0.006103515625, -0.006237030029296875, 0.0156707763671875, 0.0153350830078125, 0.00490570068359375, 0.013824462890625, 0.016693115234375, -0.00519561767578125, -0.018218994140625, 0.0254669189453125, -0.0264434814453125, 0.0208587646484375, -0.0027923583984375, -0.006137847900390625, -0.00969696044921875, -0.0073089599609375, 0.005039215087890625, 0.004474639892578125, 0.009185791015625, -0.000514984130859375, 0.04058837890625, 0.0009784698486328125, -0.0017957687377929688, 0.00997161865234375, 1.1622905731201172e-05, 0.01305389404296875, 0.01407623291015625, 0.00202178955078125, -0.0158233642578125, 0.0025691986083984375, -0.0011577606201171875, 0.0174713134765625, -0.01355743408203125, -0.01308441162109375, 0.0163116455078125, 0.0245208740234375, -0.01409149169921875, -0.002933502197265625, 0.01288604736328125, 0.0037994384765625, 0.010986328125, 0.016021728515625, -0.011962890625, 0.023529052734375, 0.0004477500915527344, -0.005901336669921875, -0.0007567405700683594, 0.0038433074951171875, -0.0221710205078125, 0.000885009765625, -0.01267242431640625, -0.0137786865234375, 0.00861358642578125, 0.00945281982421875, -0.031219482421875, 0.0060882568359375, -0.0100555419921875, -0.00897216796875, 0.0029392242431640625, 0.018890380859375, 0.00536346435546875, -0.0018205642700195312, -0.00083160400390625, -0.00511932373046875, 0.037109375, -0.025421142578125, 0.0172119140625, 0.022369384765625, -0.0203399658203125, 0.0182647705078125, -0.0006361007690429688, 5.8710575103759766e-05, 0.0285491943359375, -0.00124359130859375, -0.005130767822265625, -0.004871368408203125, 0.0036563873291015625, -0.024383544921875, 0.00021827220916748047, -0.017791748046875, 1.1920928955078125e-05, -0.006526947021484375, -0.01477813720703125, -0.01473236083984375, -0.016021728515625, 0.0002409219741821289, 0.00047397613525390625, -0.0386962890625, -0.0165863037109375, -0.006160736083984375, 0.02154541015625, -0.0264129638671875, -0.022186279296875, 0.0019130706787109375, 0.005596160888671875, -0.0031261444091796875, -0.022491455078125, 0.00569915771484375, -0.004505157470703125, -0.006683349609375, -0.00174713134765625, -0.0155792236328125, -0.008148193359375, 0.0093231201171875, -0.0010776519775390625, 0.0183563232421875, 0.00365447998046875, 0.016876220703125, 0.0009140968322753906, 0.0290374755859375, -0.0240631103515625, 0.00360870361328125, -0.0008339881896972656, 0.0107574462890625, -0.00417327880859375, 0.0164947509765625, -0.007747650146484375, -0.0115203857421875, 0.03955078125, -0.017333984375, -0.01393890380859375, -0.0214691162109375, 0.004810333251953125, -0.0006418228149414062, 0.0005764961242675781, 0.0238800048828125, 0.0176849365234375, -0.01094818115234375, 0.01430511474609375, -0.0185699462890625, -0.0112152099609375, 0.01279449462890625, -0.018157958984375, -0.021636962890625, 0.005462646484375, 0.043487548828125, -0.0183868408203125, -0.007297515869140625, 0.014617919921875, -0.0189208984375, -0.0191650390625, -0.007965087890625, 0.00566864013671875, 0.028076171875, 0.022125244140625, -0.01105499267578125, 0.0054779052734375, 0.0166015625, 0.01505279541015625, -0.023223876953125, 0.0036029815673828125, -0.02825927734375, 0.0184478759765625, 0.006404876708984375, 0.0030574798583984375, -0.0107574462890625, -0.0059051513671875, 0.00966644287109375, 0.013763427734375, 0.0034084320068359375, -0.0004069805145263672, -0.01332855224609375, 0.0006394386291503906, 0.0060882568359375, 0.0008983612060546875, -0.0024547576904296875, -0.007762908935546875, -0.004703521728515625, -0.013946533203125, 0.006084442138671875, -0.03485107421875, 0.0028781890869140625, -0.0034732818603515625, 0.01549530029296875, -0.009857177734375, 0.007213592529296875, 0.00199127197265625, 0.0012025833129882812, -0.01036834716796875, -0.0008606910705566406, -0.001110076904296875, -0.006069183349609375, 0.0033168792724609375, 0.0239715576171875, 0.00600433349609375, 0.0011243820190429688, -0.0223388671875, -0.00850677490234375, -0.021209716796875, -0.01232147216796875, 0.01043701171875, -0.0079193115234375, -0.007556915283203125, 0.01506805419921875, -0.015228271484375, 0.016571044921875, 0.0151519775390625, -0.0009975433349609375, -0.007564544677734375, -0.006107330322265625, -0.00841522216796875, 0.0025634765625, 0.0352783203125, 0.01224517822265625, 0.0034084320068359375, -0.006046295166015625, -0.017730712890625, -0.0195465087890625, -0.01062774658203125, -0.0209503173828125, 0.00641632080078125, -0.00677490234375, 0.003566741943359375, 0.002414703369140625, -0.01371002197265625, 0.0186004638671875, 0.0163726806640625, -0.0196075439453125, -0.0136566162109375, 0.0008025169372558594, -0.0263214111328125, -0.01025390625, 0.0205841064453125, 0.0137176513671875, -0.00446319580078125, -0.004238128662109375, 0.0161895751953125, -0.0177764892578125, -0.0063018798828125, 0.059173583984375, -0.031280517578125, 0.002475738525390625, 0.004085540771484375, 0.01474761962890625, -0.00476837158203125, 0.0018444061279296875, -0.0085296630859375, -0.028900146484375, -0.015655517578125, -0.005069732666015625, -0.0189666748046875, 0.0001913309097290039, -0.0164947509765625, -0.0275421142578125, -0.01253509521484375, -0.0009527206420898438, 0.007541656494140625, -0.00994873046875, -0.00913238525390625, 0.009185791015625, 0.00412750244140625, 0.004016876220703125, -0.002410888671875, -0.00698089599609375, 0.0241851806640625, 0.003936767578125, 0.0108795166015625, -0.001007080078125, 0.015869140625, 0.007061004638671875, -0.0018978118896484375, -0.0003142356872558594, 0.00811004638671875, 0.00270843505859375, 0.00051116943359375, 0.02471923828125, 0.0037517547607421875, -0.0258026123046875, -0.003452301025390625, -0.0262298583984375, -0.00597381591796875, 0.00304412841796875, -0.01407623291015625, 0.0034942626953125, -0.005008697509765625, 0.004268646240234375, 0.0042572021484375, 0.002895355224609375, -0.0361328125, -0.0111083984375, 0.0300750732421875, -0.015838623046875, 0.020751953125, -0.0013294219970703125, -0.0185394287109375, -0.00704193115234375, 0.00241851806640625, 0.054534912109375, -0.0210418701171875, 0.005107879638671875, 0.0069427490234375, -0.005184173583984375, 0.0106201171875, 1.3530254364013672e-05, -0.01157379150390625, 0.0025882720947265625, 0.0180206298828125, 0.00586700439453125, 0.04718017578125, 0.00989532470703125, -0.0157623291015625, -0.00603485107421875, 0.01457977294921875, 0.0292205810546875, -0.0100860595703125, 0.0017957687377929688, -0.0102996826171875, -0.017974853515625, -0.0199737548828125, -0.0143585205078125, -0.0038547515869140625, 0.01336669921875, -0.020294189453125, -0.0189056396484375, -0.016876220703125, 0.0006289482116699219, 0.0145263671875, 0.00803375244140625, -0.0018215179443359375, -0.0021724700927734375, 0.0077972412109375, 0.00897979736328125, -0.00560760498046875, -0.00579833984375, -0.0184478759765625, 0.01397705078125, 0.01396942138671875, -0.0093536376953125, -0.0008854866027832031, -0.0123748779296875, 0.003047943115234375, -0.006988525390625, -0.00576019287109375, -0.0082855224609375, 0.02001953125, 0.00872039794921875, -0.0028553009033203125, -0.003910064697265625, -0.021148681640625, -0.0132904052734375, -0.01287078857421875, 0.0328369140625, 0.01045989990234375, -0.02490234375, -0.00014472007751464844, 0.08306884765625, -0.005512237548828125, -0.0111846923828125, 0.007556915283203125, -0.0066375732421875, 0.006053924560546875, 0.0155792236328125, 0.0129241943359375, -0.0008482933044433594, -0.006961822509765625, -0.0205535888671875, 0.0034427642822265625, -0.0130157470703125, 0.0058135986328125, -0.00406646728515625, 0.009674072265625, 0.01446533203125, 0.00424957275390625, 0.004512786865234375, 0.00640106201171875, 0.00862884521484375, -0.024658203125, -0.0270233154296875, 0.0110626220703125, -0.01641845703125, 0.0001760721206665039, -0.027862548828125, 0.008026123046875, -0.006626129150390625, 0.003688812255859375, -0.0116424560546875, 0.025634765625, -0.0008978843688964844, -0.01366424560546875, 0.007251739501953125, 0.02081298828125, -0.0062713623046875, -0.0013980865478515625, -0.01470184326171875, 0.01218414306640625, -0.00243377685546875, -0.007518768310546875, 0.01465606689453125, 0.01556396484375, -0.03118896484375, -0.00473785400390625, 0.008331298828125, -0.004390716552734375, 0.00885772705078125, -0.03167724609375, -0.01546478271484375, 0.00839996337890625, 0.01806640625, -0.0019474029541015625, -0.0022525787353515625, -0.007228851318359375, -0.0038738250732421875, -0.01146697998046875, 0.0110321044921875, 0.0065460205078125, 0.00736236572265625, 0.01493072509765625, -0.03265380859375, -0.0045318603515625, 0.0241241455078125, 0.0019893646240234375, 0.025299072265625, -0.009490966796875, -0.018524169921875, 0.010528564453125, 0.008544921875, -0.0210723876953125, -0.005214691162109375, 0.004276275634765625, 0.00827789306640625, -0.002254486083984375, 0.005828857421875, -0.0110015869140625, -0.022796630859375, 0.006992340087890625, 0.0160675048828125, 0.050201416015625, -0.01474761962890625, 0.024017333984375, 0.0018215179443359375, -0.0279541015625, -0.0181121826171875, -0.0257568359375, 0.0166015625, 0.0109100341796875, -0.000598907470703125, -0.01010894775390625, -0.012664794921875, -0.00669097900390625, -0.0043792724609375, -0.006397247314453125, 0.00856781005859375, -0.00930023193359375, -0.004665374755859375, 0.0179443359375, -0.01702880859375, -0.002590179443359375, -0.004150390625, -0.0178375244140625, -0.01056671142578125, -0.0038547515869140625, -0.01186370849609375, 0.005084991455078125, -0.007381439208984375, 0.0293731689453125, 0.005512237548828125, 0.01788330078125, -0.0142974853515625, -0.00902557373046875, 0.0015363693237304688, 0.0106048583984375, 0.03369140625, 0.0033893585205078125, -0.01003265380859375, 0.00792694091796875, 0.016326904296875, -0.01186370849609375, -0.00133514404296875, -0.0126800537109375, 0.00620269775390625, 0.003238677978515625, -0.0309600830078125, -0.00835418701171875, 0.0159912109375, 0.0020236968994140625, 0.0104827880859375, 0.00728607177734375, -0.014892578125, 0.0182647705078125, -0.005764007568359375, -0.01122283935546875, 0.02490234375, 0.022674560546875, 0.00621795654296875, -0.000804901123046875, 0.01102447509765625, -0.0212249755859375, -0.00496673583984375, 0.01027679443359375, 0.007320404052734375, -0.019439697265625, 0.020416259765625, -0.00982666015625, -0.001628875732421875, 0.0195465087890625, -0.00762939453125, -0.01947021484375, -0.005260467529296875, -0.031219482421875, -0.004665374755859375, -0.0022983551025390625, -0.02081298828125, 0.0002092123031616211, -0.006290435791015625, 0.013671875, 0.0032520294189453125, 0.022735595703125, 0.0195465087890625, 0.01410675048828125, -0.0006585121154785156, -0.0166015625, -0.01248931884765625, -0.019317626953125, 0.004589080810546875, -0.07427978515625, -0.00750732421875, 0.0163726806640625, -0.00807952880859375, -0.02154541015625, 0.01151275634765625, -0.0148773193359375, 0.0029582977294921875, -0.0014772415161132812, -0.00667572021484375, 0.0211639404296875, 0.0100860595703125, -0.01317596435546875, -0.0143585205078125, -0.0019683837890625, -0.01495361328125, 0.0053863525390625, 0.004535675048828125, 0.00833892822265625, -0.01378631591796875, -0.0096893310546875, -0.006092071533203125, -0.01113128662109375, -0.015960693359375, -0.005214691162109375, 0.00047278404235839844, 0.00652313232421875, -0.00696563720703125, 0.007526397705078125, 0.020172119140625, -0.0081787109375, -0.0081787109375, 0.007694244384765625, 0.0030803680419921875, 0.005779266357421875, -0.00807952880859375, 0.006450653076171875, -0.00506591796875, 0.0012226104736328125, 0.0030841827392578125, 0.003448486328125, -0.0010318756103515625, 0.006267547607421875, 0.01483154296875, 0.00844573974609375, -0.00016701221466064453, -0.0093536376953125, 0.016998291015625, 0.006786346435546875, 0.00949859619140625, -0.01131439208984375, 0.003406524658203125, -0.00994873046875, 0.0163116455078125, -0.0172271728515625, 0.00414276123046875, -0.01800537109375, 0.017486572265625, 0.036407470703125, 0.0140838623046875, 0.01137542724609375, 0.0186004638671875, 0.0079193115234375, -3.975629806518555e-05, -0.0049896240234375, 0.0128326416015625, 0.0157928466796875, -0.002735137939453125, 0.0120086669921875, -0.0117950439453125, -0.0003914833068847656, -0.037384033203125, 0.002269744873046875, 0.00485992431640625, 0.01264190673828125, -0.0040283203125, -0.01108551025390625, 0.02130126953125, -0.00623321533203125, -0.01248931884765625, -0.004169464111328125, -0.00823211669921875, 0.00940704345703125, -0.0038585662841796875, 0.01265716552734375, 0.012054443359375, 0.0003933906555175781, 0.007030487060546875, 0.0143585205078125, -0.0007891654968261719, 0.0027065277099609375, 0.01690673828125, 0.03448486328125, 0.00640106201171875, -0.0139007568359375, -0.0013799667358398438, 0.003818511962890625, -6.794929504394531e-06, -0.0009822845458984375, 0.0127410888671875, 0.022308349609375, -0.0209503173828125, 0.01030731201171875, 0.00807952880859375, 0.01534271240234375, -0.0014886856079101562, 0.0196075439453125, -0.0247344970703125, 0.01204681396484375, -0.0067901611328125, -0.00865936279296875, -0.002468109130859375, 0.0087890625, -0.01113128662109375, 0.002353668212890625, -0.007007598876953125, 0.004367828369140625, -0.005420684814453125, 0.01293182373046875, 0.01216888427734375, 0.0249481201171875, -0.001483917236328125, 0.01166534423828125, -0.005023956298828125, 0.00954437255859375, 0.01483917236328125, -0.025909423828125, -0.020050048828125, 0.0297698974609375, 0.0260467529296875, 0.013641357421875, 0.013671875, -0.002925872802734375, -0.028961181640625, 0.01654052734375, -0.0180206298828125, -0.00922393798828125, 0.03857421875, 0.0210418701171875, 0.0018224716186523438, 0.001361846923828125, 0.0018625259399414062, 0.0083160400390625, 0.00743865966796875, 0.0023593902587890625, -0.0048675537109375, -0.0087890625, 0.0070343017578125, -0.001338958740234375, 0.01163482666015625, -0.0079193115234375, 0.0022487640380859375, 0.0038585662841796875, 0.01261138916015625, 0.035308837890625, 1.7762184143066406e-05, -0.016754150390625, 0.00141143798828125, -0.03173828125, 0.003643035888671875, -0.0096588134765625, -9.417533874511719e-05, -0.003803253173828125, 0.0066986083984375, 0.0096282958984375, 0.044189453125, -0.0016622543334960938, -0.00991058349609375, -0.0037384033203125, -0.01508331298828125, -0.01113128662109375, 0.0171661376953125, -0.019073486328125, -0.0006690025329589844, 0.00920867919921875, -0.0086822509765625, 0.0161590576171875, 0.01244354248046875, 0.0015935897827148438, -0.01971435546875, 0.001430511474609375, 0.01580810546875, -0.01070404052734375, 0.0105743408203125, -0.0081787109375, 0.009124755859375, 0.0084991455078125, 0.0206756591796875, -0.0284576416015625, 0.0097198486328125, -0.027252197265625, -0.01104736328125, 0.0016279220581054688, 0.00677490234375, 0.005184173583984375, -0.0125274658203125, 0.0132293701171875, -0.005458831787109375, -0.00809478759765625, 0.003932952880859375, -0.0251312255859375, 0.009246826171875, 0.0008559226989746094, 0.0193939208984375, -0.0307769775390625, 0.01221466064453125, -0.01195526123046875, 0.008453369140625, -0.01413726806640625, 0.004711151123046875, -0.014068603515625, 0.0021343231201171875, 0.01239776611328125, 0.005985260009765625, 0.00035834312438964844, 0.0215301513671875, 0.0020503997802734375, 0.01267242431640625, 0.0161590576171875, -0.0121917724609375, -0.0140380859375, -0.0009417533874511719, -0.01800537109375, 0.004810333251953125, 0.009735107421875, 0.00995635986328125, -0.0251312255859375, -0.002964019775390625, -0.00713348388671875, -0.030487060546875, -0.0096588134765625, -0.0005927085876464844, -0.0263824462890625, 0.01416015625, 0.014495849609375, -0.00022542476654052734, -0.0291290283203125, -0.0097503662109375, -0.017791748046875, -0.016845703125, -0.00687408447265625, 0.0242156982421875, -0.0247802734375, -0.00888824462890625, 0.0213623046875, 0.0041351318359375, -0.00434112548828125, -0.00844573974609375, -0.00782012939453125, -0.01392364501953125, -0.041595458984375, 0.014312744140625, 0.0192718505859375, -0.0218048095703125, 0.019927978515625, 0.00194549560546875, -0.007022857666015625, -0.0113983154296875, 0.0128936767578125, -0.005153656005859375, -0.0084075927734375, -0.0049591064453125, 0.0204315185546875, 0.0005397796630859375, 0.004360198974609375, 0.0107421875, 0.0288543701171875, 0.0016298294067382812, 0.034912109375, 0.01153564453125, 0.00658416748046875, -0.0158843994140625, -0.006378173828125, 0.02667236328125, 0.004558563232421875, -0.0280303955078125, -0.0229644775390625, -0.0152435302734375, -0.01287078857421875, -0.01319122314453125, 0.023681640625, -0.00844573974609375, 0.004207611083984375, 0.003284454345703125, -0.00823974609375, -0.0167694091796875, -0.002838134765625, 0.03668212890625, -0.004619598388671875, -0.0179290771484375, 0.0035305023193359375, 0.0232086181640625, 0.020660400390625, 0.0250244140625, 0.0179901123046875, 0.0016927719116210938, 0.0175323486328125, 0.005222320556640625, -0.006763458251953125, 0.006313323974609375, 0.0035190582275390625, 0.005641937255859375, 0.01404571533203125, 0.004940032958984375, 2.300739288330078e-05, 0.01373291015625, 0.0057830810546875, -0.0159149169921875, 0.0027828216552734375, -0.0132904052734375, -0.0081024169921875, -0.0241851806640625, -0.0063629150390625, 0.0029964447021484375, 0.0252838134765625, -0.00909423828125, 0.0004911422729492188, -0.0001437664031982422, 0.0096435546875, -0.007740020751953125, -0.01678466796875, 0.01285552978515625, -0.00540924072265625, -0.0034122467041015625, -0.01473236083984375, -0.0171051025390625, -0.0185546875, 0.0043792724609375, 0.00022935867309570312, -0.010711669921875, -0.0155487060546875, -0.001300811767578125, 0.02520751953125, 0.0079803466796875, 0.00206756591796875, 0.00033402442932128906, -0.017242431640625, -0.004703521728515625, -0.0078277587890625, 0.01629638671875, 0.01171112060546875, -0.0127410888671875, -0.025543212890625, 0.00830078125, -0.00867462158203125, 0.005184173583984375, -0.0238800048828125, 0.003978729248046875, -0.0190887451171875, 0.01273345947265625, -0.00267791748046875, -0.011138916015625, -0.0109405517578125, 0.0113525390625, -0.018402099609375, 0.0079193115234375, -0.01197052001953125, 0.0210723876953125, 0.0127716064453125, 0.00444793701171875, 0.003658294677734375, -0.0074005126953125, 0.0196685791015625, 0.04022216796875, -0.00818634033203125, -0.005950927734375, -0.0006732940673828125, 0.004375457763671875, -0.0035190582275390625, -0.006664276123046875, 0.0214385986328125, -0.012176513671875, 0.0164794921875, 0.024261474609375, 0.048309326171875, -0.0017547607421875, -0.009063720703125, -0.00374603271484375, 0.0110015869140625, 0.018157958984375, -0.0126495361328125, -0.004364013671875, 0.008148193359375, -0.0400390625, -0.006988525390625, 0.0236053466796875, -0.004673004150390625, 0.01345062255859375, 0.0017452239990234375, -0.0027332305908203125, 0.0143585205078125, -0.007526397705078125, 0.0104217529296875, -0.005588531494140625, -0.00794219970703125, -0.00013053417205810547, 0.0006055831909179688, -0.019195556640625, -0.01149749755859375, -0.0182952880859375, -0.007724761962890625, -0.00624847412109375, -0.01016998291015625, -0.019073486328125, 0.0059356689453125, -0.0059051513671875, 0.028045654296875, 0.0060882568359375, 0.0223388671875, -0.00922393798828125, 0.003284454345703125, 0.00887298583984375, 0.017822265625, -0.00418853759765625, 0.0007686614990234375, -0.031768798828125, 0.003284454345703125, -0.0054168701171875, 0.00701141357421875, 0.0252227783203125, 0.0008864402770996094, -0.00130462646484375, -0.005428314208984375, -0.005584716796875, -0.025848388671875, -0.03826904296875, 0.0054931640625, -0.005657196044921875, 0.0161590576171875, 0.005519866943359375, -0.0014390945434570312, -0.01849365234375, 0.0179901123046875, 0.01009368896484375, -0.013397216796875, -0.020751953125, -0.008392333984375, -0.0156097412109375, 0.0038356781005859375, 3.600120544433594e-05, -0.0010576248168945312, 0.00562286376953125, 0.004299163818359375, 0.003620147705078125, -0.00653839111328125, 0.0193328857421875, -0.00830078125, 0.00583648681640625, -0.01519775390625, -0.018951416015625, -0.023651123046875, 0.04437255859375, 0.01552581787109375, -0.014068603515625, 0.00466156005859375, -0.0014066696166992188, -0.0119781494140625, -0.0159912109375, 0.0021495819091796875, 0.00928497314453125, 0.0047454833984375, -0.005130767822265625, -0.016998291015625, -0.0096893310546875, -6.16908073425293e-05, -0.0203094482421875, -0.016021728515625, 0.0201873779296875, 0.0099334716796875, -0.0157012939453125, 0.004703521728515625, 0.005859375, -0.0169830322265625, 0.00803375244140625, -0.009521484375, -0.0010967254638671875, 0.00782012939453125, -0.006290435791015625, 0.0004093647003173828, 0.0008263587951660156, -0.030517578125, -0.020904541015625, -0.041595458984375, 0.005435943603515625, -0.01145172119140625, -0.01428985595703125, 0.0120086669921875, -0.0176239013671875, -0.00994873046875, 0.008758544921875, -0.010894775390625, 0.0019073486328125, -0.0080108642578125, 0.01177978515625, 0.0087432861328125, 0.00836181640625, 0.0149383544921875, -0.007061004638671875, 0.0023403167724609375, 0.027130126953125, 0.0014181137084960938, -0.002719879150390625, 0.003803253173828125, -0.0153350830078125, 0.0067291259765625, 0.00621795654296875, -0.00678253173828125, -0.0014286041259765625, -0.0028476715087890625, 0.01200103759765625, -0.010223388671875, 0.0166015625, -0.00875091552734375, -0.01303863525390625, 0.03656005859375, -0.0033130645751953125, 0.001949310302734375, -0.006816864013671875, 0.00033664703369140625, 0.00757598876953125, -0.0115203857421875, -0.0192108154296875, 0.00952911376953125, 0.0020999908447265625, -0.0196990966796875, -0.0011157989501953125, -0.0128173828125, -0.00029277801513671875, -0.011474609375, -0.0101165771484375, -0.0017290115356445312, 0.015228271484375, 0.0193634033203125, -0.0210113525390625, 0.002716064453125, -0.008209228515625, 0.03643798828125, -0.00856781005859375, -0.0106964111328125, -0.01432037353515625, 0.00023496150970458984, 0.0013751983642578125, 0.00951385498046875, 0.0107269287109375, 0.031890869140625, 0.00011920928955078125, 0.01189422607421875, 0.007396697998046875, -0.002651214599609375, 0.012298583984375, -0.003353118896484375, 0.00716400146484375, -0.01181793212890625, 0.004032135009765625, -0.004791259765625, -0.031951904296875, -0.004024505615234375, -0.0012521743774414062, -0.006275177001953125, 0.0021839141845703125, 0.01424407958984375, 0.01082611083984375, 0.0111083984375, 0.00740814208984375, 0.0257568359375, 0.0164642333984375, -0.018157958984375, -0.003948211669921875, -0.01117706298828125, -0.0194091796875, 0.0008249282836914062, -0.041656494140625, 0.008270263671875, -0.0037841796875, 0.00667572021484375, -0.005077362060546875, 0.001483917236328125, 0.00026988983154296875, 0.0017023086547851562, -0.0147857666015625, -0.005397796630859375, -0.03668212890625, -0.01105499267578125, -0.01287841796875, -0.0036907196044921875, 0.021759033203125, -0.0017862319946289062, -0.0259857177734375, -0.0250396728515625, 0.0194244384765625, 0.00890350341796875, -0.0025196075439453125, 0.004375457763671875, -0.01007843017578125, 0.0157012939453125, -0.0062255859375, 0.0092926025390625, -0.006771087646484375, -0.012603759765625, -0.00482177734375, -0.0113677978515625, 0.026336669921875, -0.02972412109375, 0.0106658935546875, -0.023406982421875, -0.0116729736328125, -0.007358551025390625, 0.0108795166015625, -0.0159912109375, 0.007251739501953125, 0.0003151893615722656, -0.00716400146484375, -0.008392333984375, -0.0208740234375, 0.033660888671875, -0.0115814208984375, -0.025390625, 0.015716552734375, 0.0062255859375, -0.00714111328125, 0.00749969482421875, -0.0184478759765625, 0.0008044242858886719, 0.0207061767578125, 0.01372528076171875, -0.0216064453125, 0.0090789794921875, -0.01123046875, 0.00405120849609375, 0.01154327392578125, 0.02752685546875, 0.00222015380859375, -0.00786590576171875, -0.0173187255859375, -0.027252197265625, -0.015899658203125, -0.0009150505065917969, 0.0050201416015625, 0.00722503662109375, 0.0082855224609375, 0.0176239013671875, 0.0172576904296875, 0.024261474609375, -0.00977325439453125, 0.01216888427734375, -0.00433349609375, -0.0082855224609375, -0.01102447509765625, -0.0016498565673828125, -0.01099395751953125, -0.002838134765625, -0.00644683837890625, -0.01189422607421875, 0.01129913330078125, -0.0098724365234375, -0.02191162109375, 0.00174713134765625, -0.010284423828125, -0.0229339599609375, -0.01390838623046875, 0.02703857421875, -0.0223388671875, 0.005344390869140625, -0.01412200927734375, 0.007114410400390625, 0.015289306640625, -0.004245758056640625, -0.0097198486328125, 0.00872039794921875, -0.016693115234375, 0.01543426513671875, -0.01551055908203125, 0.01275634765625, 0.0021190643310546875, 0.0193328857421875, -0.0037784576416015625, -0.01248931884765625, -0.007312774658203125, -0.007297515869140625, -0.002227783203125, -0.010589599609375, -0.01141357421875, -0.006038665771484375, -0.005645751953125, -0.00696563720703125, -0.03973388671875, -0.0004887580871582031, 0.0025730133056640625, -0.005672454833984375, -0.007556915283203125, -0.0163116455078125, -0.0002200603485107422, -0.0191650390625, 0.0125579833984375, -0.0015048980712890625, -0.00508880615234375, -0.011871337890625, -0.003528594970703125, 0.0274200439453125, 0.0029277801513671875, -0.009613037109375, 0.01556396484375, -0.0165863037109375, 0.00504302978515625, -0.03057861328125, -0.01187896728515625, 0.059234619140625, -0.0206146240234375, -0.01064300537109375, 0.0023555755615234375, -0.0102386474609375, 0.006069183349609375, 0.019439697265625, -0.004150390625, -0.012481689453125, 0.0291748046875, 0.010772705078125, 0.0192108154296875, 0.009368896484375, -0.0292510986328125, 0.00264739990234375, -0.0146636962890625, -0.017822265625, 0.01192474365234375, -0.0062255859375, 0.012786865234375, 0.004329681396484375, 0.046356201171875, -0.02423095703125, 0.0025482177734375, -0.01812744140625, -0.004451751708984375, 0.0142669677734375, 0.01361846923828125, -0.012725830078125, 0.01366424560546875, 0.00980377197265625, 0.006412506103515625, 0.00405120849609375, -0.0057830810546875, 0.02874755859375, 0.0232391357421875, 0.0198211669921875, -0.0141754150390625, 0.017822265625, -0.01439666748046875, -0.01422882080078125, -0.002964019775390625, 0.01338958740234375, 0.0173797607421875, 0.00955963134765625, 0.01983642578125, 0.0024662017822265625, -0.00433349609375, 0.00015974044799804688, -0.0152587890625, 0.00600433349609375, -0.009429931640625, 0.0119476318359375, 0.0198211669921875, 0.0028781890869140625, 0.001689910888671875, -0.006694793701171875, 0.0006055831909179688, -0.0447998046875, 0.00759124755859375, -0.02789306640625, -0.002315521240234375, 0.0298614501953125, 0.0090789794921875, -0.0198516845703125, -0.006626129150390625, 0.0088653564453125, -0.0012798309326171875, -0.0020198822021484375, -0.033477783203125, -0.029510498046875, -0.006622314453125, -0.0057373046875, -0.00824737548828125, -0.022613525390625, 0.00628662109375, 0.0066070556640625, -0.0028018951416015625, 0.0025501251220703125, 0.004451751708984375, 0.0078887939453125, -0.0158233642578125, -0.014923095703125, -0.01427459716796875, -0.038909912109375, 0.007297515869140625, 0.01776123046875, 0.00372314453125, 0.0170135498046875, -0.01082611083984375, 0.0215301513671875, -0.003925323486328125, 0.020172119140625, -0.0191192626953125, 0.021209716796875, 0.01947021484375, -0.011444091796875, 0.028411865234375, 0.024169921875, -0.030303955078125, 0.01776123046875, -0.0021953582763671875, -0.033233642578125, -0.007518768310546875, 0.01084136962890625, 0.00843048095703125, -0.003452301025390625, 0.00010633468627929688, 0.0188751220703125, -0.0274505615234375, -0.0262603759765625, 0.0005145072937011719, 0.00028824806213378906, -0.0213623046875, 0.024749755859375, -0.0050811767578125, -0.00571441650390625, -0.0012273788452148438, 0.016448974609375, -0.011627197265625, -0.002307891845703125, 0.0010166168212890625, 0.002025604248046875, 0.0006432533264160156, -0.02001953125, 0.0103302001953125, -0.02484130859375, -0.00836181640625, 0.0073394775390625, -0.0195770263671875, -0.0208282470703125, 0.0012483596801757812, -0.001308441162109375, -0.0026645660400390625, 0.0024623870849609375, -0.0072479248046875, 0.003570556640625, 0.006359100341796875, 0.012451171875, -0.005123138427734375, 0.0193328857421875, 0.0196990966796875, -0.006404876708984375, -0.004299163818359375, -0.0062103271484375, 0.003360748291015625, 0.004665374755859375, 0.0033473968505859375, 0.0096282958984375, 0.016082763671875, -0.0823974609375, -0.0196685791015625, 0.0047760009765625, -0.0062408447265625, 0.0018186569213867188, -0.0251617431640625, -0.0030803680419921875, 0.005352020263671875, 0.002166748046875, -0.0017414093017578125, 0.0016641616821289062, -0.0236663818359375, 0.0335693359375, 0.007061004638671875, 0.012725830078125, -0.0006341934204101562, -0.0265350341796875, -0.0008077621459960938, -0.01258087158203125, 0.00191497802734375, -0.022735595703125, 0.039459228515625, -0.01435089111328125, -0.0032787322998046875, 0.0010776519775390625, -0.0285491943359375, 0.001941680908203125, -0.0021514892578125, -0.01123046875, 0.00206756591796875, 0.0174713134765625, -0.0076141357421875, 0.01425933837890625, 0.01406097412109375, -0.00580596923828125, -0.01512908935546875, 0.00325775146484375, -0.00433349609375, 0.00888824462890625, 0.0006542205810546875, -0.018829345703125, 0.015716552734375, -0.005924224853515625, -0.005672454833984375, -0.01451873779296875, 0.00894927978515625, 0.01403045654296875, -0.0007805824279785156, 0.0037403106689453125, -0.01397705078125, -0.01045989990234375, 0.03326416015625, 0.000637054443359375, -0.0134429931640625, -0.0135498046875, 0.01253509521484375, -0.0018033981323242188, 0.01274871826171875, -0.00957489013671875, -0.017333984375, 0.005916595458984375, 0.0167999267578125, 0.0016355514526367188, 0.0075836181640625, -0.01541900634765625, -0.005298614501953125, 8.463859558105469e-05, -0.034759521484375, -0.0139617919921875, -0.0005006790161132812, -0.002838134765625, 0.0268096923828125, -0.009979248046875, 0.0027904510498046875, -0.00792694091796875, 0.0177764892578125, 0.010589599609375, -0.004314422607421875, 0.0026683807373046875, 0.0197601318359375, -0.01050567626953125, -0.00615692138671875, 0.01433563232421875, 0.008880615234375, -0.00724029541015625, -0.0474853515625, -0.0010929107666015625, -0.01055908203125, -0.01181793212890625, 0.0137481689453125, 0.01139068603515625, -0.005580902099609375, -0.0095977783203125, 0.00603485107421875, -0.007030487060546875, 0.0127716064453125, -0.0042877197265625, -0.0026111602783203125, 0.0138397216796875, -0.01453399658203125, 0.01531982421875, -0.01007843017578125, 0.01259613037109375, -0.0022487640380859375, 0.01297760009765625, 0.0077972412109375, -0.0122833251953125, 0.018310546875, -0.005641937255859375, -0.09930419921875, -0.00875091552734375, 0.0020294189453125, 0.0124969482421875, -0.01080322265625, 0.051910400390625, -0.0421142578125, 0.0250091552734375, 0.00920867919921875, 0.0247955322265625, -0.00290679931640625, 0.00789642333984375, 0.018585205078125, -0.0015926361083984375, 0.0173187255859375, 0.000762939453125, -0.0088653564453125, -0.01248931884765625, -0.0214691162109375, 0.01324462890625, 0.002658843994140625, -0.005283355712890625, -0.0179901123046875, -0.0015974044799804688, 0.0272674560546875, -0.003322601318359375, 0.021087646484375, -0.016998291015625, -0.00823211669921875, -0.01247406005859375, -7.766485214233398e-05, -0.009368896484375, 0.02001953125, -0.00943756103515625, 0.0202789306640625, 0.02392578125, 0.00934600830078125, -0.026153564453125, 0.024505615234375, 0.0142059326171875, 0.009857177734375, 0.001338958740234375, -0.0011968612670898438, 0.023956298828125, -0.00540924072265625, -0.01959228515625, 0.0260467529296875, 0.005054473876953125, -0.0157012939453125, 0.003902435302734375, 0.002399444580078125, -0.03289794921875, -0.0225982666015625, -0.00861358642578125, 0.00872039794921875, 0.0013790130615234375, -0.000640869140625, -0.0120849609375, 0.005519866943359375, 0.0063018798828125, -0.00678253173828125, -0.0012035369873046875, 0.0018939971923828125, -0.0012273788452148438, 0.0022029876708984375, 0.004207611083984375, -0.0019350051879882812, 0.01145172119140625, -0.015625, -0.00406646728515625, 0.02056884765625, -0.0113067626953125, 0.0178680419921875, 0.0024394989013671875, 0.0264739990234375, 0.0203094482421875, -0.0036640167236328125, 0.01448822021484375, -0.0019178390502929688, -0.00931549072265625, -0.0023193359375, 0.0031681060791015625, -0.0257720947265625, -0.036712646484375, -0.0205841064453125, 0.0307769775390625, -0.001331329345703125, -0.00640869140625, 0.01218414306640625, -0.0008282661437988281, -0.02398681640625, 0.01056671142578125, 0.0209503173828125, 0.005504608154296875, 5.91278076171875e-05, -0.006397247314453125, 0.00091552734375, -0.0007138252258300781, 0.026031494140625, -0.014312744140625, -0.0108489990234375, 0.0016679763793945312, -0.0132904052734375, -0.0012083053588867188, 0.00024771690368652344, -0.006244659423828125, 0.032989501953125, 0.00545501708984375, -0.0285186767578125, -0.002613067626953125, 0.025238037109375, -0.003345489501953125, -0.00783538818359375, 0.07830810546875, 0.006549835205078125, -0.020233154296875, -0.0271453857421875, -0.005207061767578125, 0.0234527587890625, 0.023712158203125, 0.003154754638671875, 0.004573822021484375, 0.01467132568359375, -0.0009517669677734375, 0.0133514404296875, -0.023040771484375, -0.00399017333984375, -0.01265716552734375, 0.015289306640625, 0.0030231475830078125, -0.011810302734375, -0.0031757354736328125, -0.0090484619140625, 0.0016422271728515625, 0.0007882118225097656, -0.006763458251953125, -0.01284027099609375, -0.029022216796875, -0.01221466064453125, -0.001010894775390625, -0.01279449462890625, 0.01404571533203125, 0.0037841796875, 0.01453399658203125, 0.00955963134765625, 0.00685882568359375, 0.04583740234375, -0.00949859619140625, -0.0067596435546875, 0.0292510986328125, -0.0016450881958007812, -0.01415252685546875, -0.00909423828125, 0.0228271484375, 0.00424957275390625, -0.0016202926635742188, 0.01064300537109375, 0.029266357421875, 0.004680633544921875, 0.020721435546875, -0.006916046142578125, -0.0017490386962890625, 0.0189361572265625, -0.0137481689453125, -0.00925445556640625, 0.0087738037109375, -0.0134429931640625, -0.00247955322265625, 0.03155517578125, -0.02593994140625, 0.004199981689453125, 0.02783203125, 0.0164947509765625, 0.0210723876953125, 0.00875091552734375, -0.0247650146484375, 0.0174560546875, -0.0021953582763671875, -0.0043792724609375, 0.003047943115234375, 0.010498046875, -0.0266876220703125, 0.00396728515625, 0.017852783203125, 0.0145111083984375, -0.01050567626953125, -0.0148468017578125, 0.030548095703125, 0.01470184326171875, 0.01213836669921875, 0.01416778564453125, -0.01096343994140625, 0.0070648193359375, 0.007694244384765625, -0.00740814208984375, 0.0019216537475585938, -0.0206756591796875, 0.01045989990234375, -0.019500732421875, -0.01971435546875, -0.0256500244140625, 0.007381439208984375, -0.00667572021484375, -0.01068878173828125, 0.01160430908203125, -0.0193939208984375, -0.006114959716796875, 0.031097412109375, -0.009002685546875, -0.002391815185546875, 0.0006570816040039062, -0.0009021759033203125, 0.005916595458984375, 0.004817962646484375, -0.0040130615234375, 0.0064849853515625, 0.01088714599609375, -0.004688262939453125, 0.00788116455078125, 0.01497650146484375, -0.00794219970703125, 0.02490234375, -0.0017995834350585938, 0.018951416015625, 0.0099945068359375, 0.047271728515625, 0.0282135009765625, 0.019500732421875, 0.006862640380859375, 0.0049896240234375, 0.007534027099609375, 0.021820068359375, 0.014617919921875, -0.0300445556640625, -0.002498626708984375, 0.004009246826171875, 0.023529052734375, 0.00516510009765625, 0.02471923828125, -0.005126953125, -0.0116424560546875, -0.0102691650390625, -0.003520965576171875, -0.0020809173583984375, 0.01502227783203125, 0.01042938232421875, 0.021942138671875, -0.018280029296875, 0.004718780517578125, 0.0066375732421875, 0.01422119140625, -0.012176513671875, 0.004131317138671875, -0.01873779296875, 0.0027008056640625, 0.019500732421875, -0.012115478515625, -0.015838623046875, 0.02447509765625, 0.0008211135864257812, -0.006977081298828125, -0.00115966796875, -0.006137847900390625, -0.0020294189453125, 0.01102447509765625, -0.0036144256591796875, 0.0076141357421875, 0.004428863525390625, 0.0058441162109375, 0.00016999244689941406, -0.0032672882080078125, -0.0018606185913085938, 0.0004360675811767578, -0.004352569580078125, 0.0001685619354248047, 0.05242919921875, 0.0115966796875, 0.017669677734375, -0.0147857666015625, -0.0035724639892578125, 0.006237030029296875, 0.0040435791015625, 0.007450103759765625, 0.0079193115234375, -0.0240936279296875, 0.0118255615234375, -0.00615692138671875, -0.0031681060791015625, 0.015777587890625, 0.0092620849609375, -0.003948211669921875, -0.005023956298828125, -0.007556915283203125, -0.010406494140625, 0.006458282470703125, 0.00757598876953125, -0.0109405517578125, 0.008636474609375, -0.01006317138671875, -0.001712799072265625, -0.00412750244140625, 0.0193939208984375, 0.0125274658203125, -0.0184173583984375, 0.0289154052734375, 0.0021419525146484375, 0.003902435302734375, -0.022125244140625, 0.005245208740234375, 0.00492095947265625, -0.0012712478637695312, -0.01538848876953125, -0.0184326171875, -0.01739501953125, -0.0121002197265625, 0.006969451904296875, 0.003997802734375, 0.01123046875, -0.0252532958984375, -0.0285491943359375, 0.0142822265625]
1	0	4994	On the morning the boxes arrived, the street outsi	[0.0098114013671875, -0.012481689453125, -0.005146026611328125, -0.0028228759765625, -0.0079193115234375, 0.0249786376953125, -0.0171051025390625, 0.026519775390625, -0.004608154296875, 0.0136566162109375, -0.0294952392578125, 0.0041656494140625, 0.0328369140625, -0.006622314453125, -0.019256591796875, 0.023651123046875, 0.016357421875, 0.0030364990234375, 0.020294189453125, 0.0634765625, -0.0096282958984375, 0.05242919921875, -0.004230499267578125, -0.0258331298828125, 0.0026149749755859375, -0.00934600830078125, 0.002468109130859375, 0.01364898681640625, -0.0194854736328125, 0.033599853515625, 0.0237884521484375, 0.00797271728515625, 0.00811004638671875, 0.007904052734375, -0.02099609375, 0.0120391845703125, -0.0189971923828125, -0.0027523040771484375, 0.01383209228515625, -0.0144805908203125, -0.0027179718017578125, 0.02459716796875, 0.012969970703125, 0.002964019775390625, -0.01442718505859375, 0.00464630126953125, 0.00917816162109375, -0.01052093505859375, 0.0072174072265625, -0.01219940185546875, -0.0193328857421875, -0.032379150390625, 0.0257110595703125, -0.0181884765625, 0.0013322830200195312, 0.006282806396484375, -0.018463134765625, 0.017547607421875, -0.021575927734375, 0.01171875, -0.02935791015625, 0.01483154296875, -0.00568389892578125, -0.00019299983978271484, 0.0016031265258789062, 0.0007047653198242188, 0.012115478515625, -0.00926971435546875, 0.0147705078125, 0.00853729248046875, 0.00020515918731689453, -0.0008649826049804688, 0.005626678466796875, 0.0304718017578125, -0.0087127685546875, 0.02099609375, -0.0294647216796875, -0.014892578125, -0.017791748046875, 0.0227203369140625, 0.004955291748046875, 0.0202789306640625, -0.021636962890625, 0.00772857666015625, 0.0257110595703125, 0.01369476318359375, 0.0263671875, -0.005126953125, 0.00875091552734375, 0.00571441650390625, -0.0190582275390625, 0.01049041748046875, 0.00498199462890625, 0.0201873779296875, 0.0265960693359375, -0.0036563873291015625, -0.0142364501953125, 0.0043182373046875, -0.0193328857421875, 0.0142364501953125, 0.0187835693359375, -0.01364898681640625, -0.0115203857421875, -0.01568603515625, 0.000797271728515625, 0.0106201171875, -0.032379150390625, -0.005146026611328125, 0.00984954833984375, -0.0106048583984375, -0.0045166015625, 0.006038665771484375, 0.019378662109375, 0.0036411285400390625, -0.006092071533203125, 0.01229095458984375, 0.018585205078125, 0.016357421875, 0.0006585121154785156, 0.02691650390625, -0.01293182373046875, 0.0015478134155273438, 0.0110626220703125, 0.00799560546875, 0.0259246826171875, -0.00879669189453125, -0.01294708251953125, 0.016326904296875, 0.006427764892578125, 0.01177978515625, -0.0152740478515625, -0.0362548828125, -0.01137542724609375, -0.0175933837890625, -0.00701141357421875, -0.00667572021484375, -0.0046234130859375, -0.00572967529296875, -0.026702880859375, -0.00023615360260009766, -0.0163421630859375, 0.034515380859375, 0.01323699951171875, 0.007213592529296875, -0.016021728515625, 0.032073974609375, 0.0133209228515625, 0.0155181884765625, 0.020416259765625, -0.0223846435546875, 0.022918701171875, -0.01458740234375, -0.00507354736328125, -0.005096435546875, 0.0172119140625, 0.007228851318359375, 0.013885498046875, -0.0010290145874023438, 0.01593017578125, 0.00916290283203125, 0.01727294921875, 0.0092926025390625, 0.0167083740234375, -0.00766754150390625, 0.018798828125, -0.0088958740234375, -0.01446533203125, -0.0150146484375, 0.0296173095703125, -0.0201263427734375, -0.00307464599609375, 0.0083465576171875, 0.0268402099609375, 0.00789642333984375, 0.0224609375, -0.0150909423828125, 0.0012426376342773438, 0.0018472671508789062, -0.02032470703125, 0.01090240478515625, 0.0102081298828125, 0.01450347900390625, 0.005657196044921875, 0.00974273681640625, 0.00821685791015625, 0.01399993896484375, -0.00682830810546875, 0.003009796142578125, -0.0221099853515625, 0.0101165771484375, -0.005950927734375, 0.00911712646484375, -0.0013275146484375, -0.004425048828125, -0.007045745849609375, 0.010589599609375, 0.01055908203125, -0.00318145751953125, -0.01194000244140625, 0.00429534912109375, 0.0260772705078125, 0.00704193115234375, 0.01079559326171875, 0.031768798828125, -0.01386260986328125, 0.006744384765625, -0.01953125, -0.005977630615234375, -0.00809478759765625, -0.0224609375, 0.0150146484375, -0.00983428955078125, 0.009246826171875, 0.00298309326171875, 0.006500244140625, 0.01084136962890625, -0.004787445068359375, -0.006473541259765625, -0.025909423828125, -0.00995635986328125, 0.016571044921875, 0.0068206787109375, -0.004039764404296875, 0.004268646240234375, -0.022125244140625, -0.0199127197265625, -0.002307891845703125, 0.00927734375, 0.00954437255859375, 0.0018148422241210938, 0.005504608154296875, -0.00908660888671875, -0.0028228759765625, -0.00875091552734375, 0.0168609619140625, 0.01090240478515625, 0.0097198486328125, 0.016876220703125, -0.01343536376953125, 0.0115814208984375, 0.005558013916015625, 0.0041656494140625, -0.004070281982421875, -0.020050048828125, 0.0272979736328125, -0.00693511962890625, -0.038330078125, -0.026824951171875, 0.06939697265625, 0.00027751922607421875, -0.0294036865234375, -0.0260009765625, 0.00777435302734375, -0.00881195068359375, 0.00345611572265625, 0.005275726318359375, 0.002227783203125, -0.022735595703125, -0.0035572052001953125, 0.01442718505859375, -0.01812744140625, 0.01357269287109375, -0.01534271240234375, 0.00968170166015625, 0.0096435546875, 0.005462646484375, -0.01971435546875, -0.02880859375, -0.0207366943359375, -0.005077362060546875, -0.0022335052490234375, 0.00015687942504882812, -0.0239105224609375, -0.00867462158203125, 0.000843048095703125, 0.0196075439453125, -0.004058837890625, -0.032196044921875, 0.018218994140625, 0.00775909423828125, 0.002880096435546875, -0.0068359375, 0.01197052001953125, -0.026580810546875, 0.001087188720703125, -0.001850128173828125, 0.0086517333984375, 0.006542205810546875, -0.0011539459228515625, -0.0164642333984375, 0.0258636474609375, -0.0139312744140625, -0.0044097900390625, 0.0183258056640625, -0.0012979507446289062, 0.01255035400390625, -0.028656005859375, -0.017242431640625, 0.02130126953125, 0.0139923095703125, -0.0182952880859375, 0.0110931396484375, -0.0173797607421875, -0.0059356689453125, -0.00940704345703125, 0.003223419189453125, -0.0206298828125, 0.00502777099609375, 0.040557861328125, -0.00048732757568359375, 0.0006375312805175781, -0.01210784912109375, 0.0214385986328125, -0.0155029296875, 0.003887176513671875, -0.00975799560546875, -0.0087890625, 0.028411865234375, -0.027862548828125, 0.0106353759765625, -0.0147857666015625, -0.0030803680419921875, -0.0242462158203125, 0.00592803955078125, -0.0031185150146484375, 0.0212554931640625, -0.02520751953125, -0.0018482208251953125, -0.00514984130859375, -0.0034275054931640625, 0.00789642333984375, -0.0238494873046875, -0.0212860107421875, 0.007781982421875, -0.0221099853515625, 0.00047087669372558594, -0.0015668869018554688, -0.00818634033203125, 0.0242767333984375, 0.0045623779296875, 0.0155181884765625, 0.0051727294921875, 0.02471923828125, 0.0090789794921875, 0.00403594970703125, -0.00408935546875, 0.00420379638671875, -0.00759124755859375, 0.0007476806640625, -0.0033321380615234375, 0.006103515625, -0.0078277587890625, -0.004878997802734375, 0.003665924072265625, -0.00366973876953125, 0.016632080078125, -0.01346588134765625, -0.0070648193359375, 0.0037059783935546875, -0.022674560546875, -0.019195556640625, 0.00750732421875, -0.0009479522705078125, -0.00213623046875, 0.0421142578125, 0.018585205078125, 0.001964569091796875, -0.031219482421875, -0.0255279541015625, -0.004245758056640625, -0.0007081031799316406, 0.0146942138671875, -0.015350341796875, 0.01279449462890625, 0.01505279541015625, 0.004688262939453125, -0.0034084320068359375, -0.02374267578125, -0.0073394775390625, -0.003021240234375, 0.006561279296875, -0.0654296875, -0.00591278076171875, -0.00310516357421875, -0.0172271728515625, 0.01508331298828125, -0.001415252685546875, -0.0143890380859375, 0.0036067962646484375, 0.005748748779296875, 0.01010894775390625, -0.01364898681640625, -0.0300445556640625, 0.00991058349609375, -0.0027294158935546875, 0.003726959228515625, 0.025299072265625, -0.0105133056640625, -0.0234832763671875, -0.020751953125, 0.022430419921875, 0.00634765625, 0.018341064453125, 0.01378631591796875, -0.01088714599609375, 0.016876220703125, 0.0120849609375, -0.004016876220703125, 0.009857177734375, 0.006481170654296875, 0.0162811279296875, -0.007701873779296875, 0.0189666748046875, -0.01239776611328125, 0.019744873046875, 0.01111602783203125, 0.023040771484375, -0.0007462501525878906, -0.00862884521484375, -0.023345947265625, -0.01407623291015625, 0.0014209747314453125, 0.0100250244140625, 0.005435943603515625, -0.021514892578125, 0.006175994873046875, -0.0036334991455078125, 0.01910400390625, 0.023651123046875, 0.0028743743896484375, -0.01273345947265625, 0.0149078369140625, 0.0718994140625, -0.006381988525390625, -0.00417327880859375, -0.04644775390625, 0.01428985595703125, 0.0196685791015625, 0.0132293701171875, -0.0005354881286621094, 0.0214996337890625, -0.00986480712890625, 0.0030670166015625, 0.0299224853515625, -0.0005860328674316406, -0.0036983489990234375, -0.0170440673828125, -0.00769805908203125, -0.0067138671875, 0.0129547119140625, -0.0364990234375, 0.006267547607421875, -0.0028076171875, 0.00165557861328125, -0.0251007080078125, 0.0179901123046875, 0.0009207725524902344, 0.00983428955078125, 0.01100921630859375, 0.0004830360412597656, 0.0272674560546875, -0.032440185546875, 0.0016870498657226562, -0.0021076202392578125, -0.002838134765625, 0.01302337646484375, 0.0389404296875, 0.01800537109375, -0.035247802734375, -0.01522064208984375, -0.0204925537109375, -0.0056915283203125, -0.003765106201171875, 0.004047393798828125, -0.005992889404296875, 0.00647735595703125, -0.0107574462890625, 0.005283355712890625, 0.01959228515625, -0.009063720703125, -0.0296173095703125, -0.033721923828125, -0.0084075927734375, -0.0135955810546875, 0.02081298828125, 0.0257568359375, 0.004364013671875, -0.0012388229370117188, -0.029693603515625, 0.02398681640625, -0.0005431175231933594, 0.0018978118896484375, 0.018218994140625, -0.003185272216796875, -0.0047760009765625, -0.007595062255859375, 0.0235443115234375, -0.01128387451171875, -0.0043487548828125, -0.00040793418884277344, -0.0078125, -5.781650543212891e-06, 0.0164794921875, -0.009368896484375, -0.0223236083984375, -0.0120391845703125, 0.02130126953125, 0.007183074951171875, -0.0158233642578125, -0.0208282470703125, 0.01947021484375, -0.00997161865234375, -0.0173797607421875, -0.0115814208984375, -0.0004315376281738281, -0.00830078125, 0.00494384765625, 0.00676727294921875, 0.0196685791015625, 0.020111083984375, -0.025543212890625, -0.00463104248046875, -0.001983642578125, -0.01006317138671875, 0.021514892578125, 0.01007843017578125, -0.01154327392578125, 0.005069732666015625, -0.00833892822265625, 0.01177215576171875, -0.000812530517578125, 0.008636474609375, -0.0057830810546875, 0.01087188720703125, -0.0047607421875, -0.01025390625, -0.0124664306640625, 0.01277923583984375, -0.006946563720703125, 0.01468658447265625, 0.004993438720703125, 0.0133056640625, 0.005565643310546875, -0.017303466796875, 0.002407073974609375, 0.0173187255859375, -0.003971099853515625, -0.0224761962890625, -0.01056671142578125, 0.032073974609375, 0.0174407958984375, 0.01395416259765625, 0.08160400390625, -0.01043701171875, 0.01393890380859375, -0.005733489990234375, -0.00848388671875, 0.0223846435546875, -0.004077911376953125, 0.00734710693359375, -0.01062774658203125, -0.004299163818359375, 0.005023956298828125, -0.0232391357421875, -0.0285186767578125, -0.030609130859375, 0.002262115478515625, 0.0097503662109375, 0.0089569091796875, -0.0077972412109375, -0.01239776611328125, -0.0082550048828125, -0.01806640625, 0.0005002021789550781, -0.00852203369140625, 0.00443267822265625, 0.0035419464111328125, 0.0003800392150878906, -0.0133819580078125, 0.0241241455078125, 0.0238037109375, -0.002346038818359375, 0.01873779296875, -0.0224761962890625, 0.007381439208984375, -0.02020263671875, 0.0196380615234375, -0.035552978515625, -0.01220703125, -0.0224609375, 0.00550079345703125, -0.0253143310546875, -0.01015472412109375, -0.007709503173828125, -0.026519775390625, -0.01995849609375, -0.0138092041015625, -0.0264892578125, 0.0081634521484375, 0.0180511474609375, 0.01166534423828125, -0.0272216796875, -0.0008206367492675781, 0.004199981689453125, 0.0130157470703125, 0.008209228515625, 0.00513458251953125, -0.031341552734375, -0.0016937255859375, 0.00325775146484375, 0.0217437744140625, 0.0212554931640625, 0.00543212890625, -0.002803802490234375, 0.00421142578125, 0.01026153564453125, 0.00846099853515625, -0.01018524169921875, -0.00925445556640625, 0.02117919921875, -0.00048542022705078125, -0.0057220458984375, 0.00998687744140625, 0.0003180503845214844, -0.006702423095703125, 0.0107879638671875, 0.007328033447265625, 0.00669097900390625, -0.019256591796875, -0.00311279296875, -0.005405426025390625, 0.0046844482421875, -0.0002455711364746094, -0.0303192138671875, -0.020294189453125, 0.006725311279296875, 0.0018825531005859375, 0.01129150390625, -0.00856781005859375, 0.0201416015625, 0.033721923828125, -0.0236663818359375, -0.0126800537109375, 0.0222015380859375, -0.01016998291015625, 0.007366180419921875, 0.0345458984375, 0.0158233642578125, 0.007312774658203125, -0.0008563995361328125, 0.01277923583984375, 0.01213836669921875, 0.00604248046875, 0.0269775390625, 0.01153564453125, -0.023193359375, 0.01517486572265625, -0.0017385482788085938, -0.0171966552734375, -0.020721435546875, -0.00814056396484375, -0.00618743896484375, 0.0160064697265625, -0.01012420654296875, 0.00775909423828125, 0.0008192062377929688, 0.0006113052368164062, -0.0003483295440673828, 0.01285552978515625, 0.006610870361328125, -0.02862548828125, -0.006809234619140625, 0.006366729736328125, 0.0054473876953125, 0.0186004638671875, -0.014404296875, 0.008209228515625, 0.011627197265625, -0.0155181884765625, -0.004734039306640625, -0.0014925003051757812, -0.0028400421142578125, -0.02386474609375, -0.00725555419921875, 0.0175933837890625, -0.0126190185546875, -0.00972747802734375, 0.0220947265625, 0.002384185791015625, -0.0034122467041015625, -0.0089569091796875, 0.003299713134765625, 0.01898193359375, -0.0016965866088867188, 0.0230865478515625, 0.00421142578125, -0.020355224609375, -0.0166778564453125, 0.0419921875, 0.0204315185546875, 0.0029315948486328125, 5.310773849487305e-05, -0.00641632080078125, -0.0170440673828125, -0.007232666015625, 0.01654052734375, 0.00226593017578125, -0.007904052734375, 0.004474639892578125, -0.0006284713745117188, -0.016510009765625, 0.01248931884765625, 0.0171051025390625, 0.0167694091796875, 0.002231597900390625, -0.032958984375, 0.038116455078125, 0.00844573974609375, -0.025299072265625, -0.016815185546875, 0.05816650390625, 0.01496124267578125, 0.0217437744140625, -0.0022373199462890625, 0.0059814453125, 0.002178192138671875, -0.07525634765625, 0.0141754150390625, 0.041015625, 0.01090240478515625, -0.0268402099609375, 0.01506805419921875, 0.00798797607421875, 0.008575439453125, -0.015899658203125, 0.0051422119140625, 0.01375579833984375, 0.0024394989013671875, 0.01776123046875, -0.022705078125, -0.008514404296875, -0.01377105712890625, -0.00945281982421875, 0.00783538818359375, -0.0023860931396484375, -0.00899505615234375, 0.00655364990234375, 0.022705078125, -0.0033168792724609375, 0.0203857421875, 0.01239776611328125, 0.00855255126953125, -0.024261474609375, -0.006317138671875, 0.0188140869140625, -0.00035119056701660156, -0.00782012939453125, 0.010040283203125, 0.0008578300476074219, -0.0154571533203125, 0.0006375312805175781, 0.0146942138671875, -0.03515625, -0.0255889892578125, 0.0100860595703125, -0.014068603515625, 0.0070648193359375, 0.0215301513671875, 0.0232086181640625, -0.01898193359375, -0.0041961669921875, -0.005825042724609375, -0.0070953369140625, 0.00594329833984375, 0.0184173583984375, 0.0154876708984375, -0.0016040802001953125, 0.0199432373046875, -0.0232086181640625, 0.007480621337890625, -0.01045989990234375, 0.0113677978515625, 0.0293426513671875, -0.00959014892578125, -0.01959228515625, -0.00959014892578125, -0.008209228515625, -0.046356201171875, -0.0102081298828125, 0.013671875, -0.00311279296875, 0.0017375946044921875, 0.004512786865234375, 0.00331878662109375, 0.0140380859375, 0.00394439697265625, 0.00624847412109375, -0.0242462158203125, -0.01059722900390625, 0.0200958251953125, -0.01094818115234375, 0.01441192626953125, 0.0101165771484375, 0.007091522216796875, -0.0150604248046875, 0.0215301513671875, 0.0103302001953125, -0.0005340576171875, 0.00969696044921875, -0.00988006591796875, 0.0162811279296875, 0.0042572021484375, -0.011199951171875, 0.03680419921875, 0.0157928466796875, 0.0008268356323242188, 0.004039764404296875, -0.01727294921875, 0.0028324127197265625, 0.01313018798828125, -0.006450653076171875, 0.00579071044921875, 0.01319122314453125, 0.02398681640625, 0.0016222000122070312, 0.005496978759765625, 0.0009927749633789062, 0.01708984375, 0.024139404296875, -0.0038242340087890625, -0.00727081298828125, -0.0020771026611328125, -0.01763916015625, 0.006328582763671875, -0.00875091552734375, 0.0035419464111328125, 0.01113128662109375, -0.00261688232421875, -0.015625, -0.0026226043701171875, 0.001338958740234375, -0.027618408203125, 0.00872039794921875, -0.0200653076171875, 0.01214599609375, 0.0197601318359375, 0.0163116455078125, 0.0162200927734375, -0.009185791015625, -0.009979248046875, 0.0298614501953125, -0.0190887451171875, 0.024200439453125, -0.00128936767578125, 0.0006899833679199219, 0.0257415771484375, 0.021209716796875, 0.002880096435546875, 0.01873779296875, 0.0223541259765625, 0.0026493072509765625, -0.0030803680419921875, 0.0160675048828125, -0.0004763603210449219, 0.0166168212890625, 0.01107025146484375, -0.0159454345703125, 0.01861572265625, -0.01528167724609375, -0.007904052734375, 0.004947662353515625, -0.0004544258117675781, -0.01535797119140625, -0.0225067138671875, -0.01227569580078125, 0.00247955322265625, -0.04315185546875, 0.01294708251953125, 0.01702880859375, -0.02752685546875, 0.004512786865234375, -0.003894805908203125, -0.0037326812744140625, 0.0028533935546875, -0.0018796920776367188, 0.00632476806640625, 0.0102081298828125, -0.0039215087890625, 0.0005035400390625, 0.00774383544921875, 0.02105712890625, 0.0091400146484375, -0.0272979736328125, 0.005474090576171875, 0.00850677490234375, 0.018035888671875, -0.051971435546875, -0.0009675025939941406, -0.006267547607421875, -0.00608062744140625, -0.00576019287109375, 0.01348114013671875, -0.0110931396484375, 0.0028839111328125, -0.0052490234375, 0.0217437744140625, -0.0015411376953125, -0.0246734619140625, 0.00516510009765625, -0.0067901611328125, -0.0067291259765625, -0.00913238525390625, 0.0051727294921875, 0.00421905517578125, -0.0252838134765625, -0.00469970703125, -9.542703628540039e-05, -0.01904296875, 0.003894805908203125, -0.0185699462890625, -0.002323150634765625, 0.001556396484375, 0.0103912353515625, -0.00926971435546875, 0.01216888427734375, 0.0081787109375, 0.017791748046875, 0.0237884521484375, -0.0027637481689453125, -0.003978729248046875, -0.027008056640625, 0.01134490966796875, -0.01226043701171875, 0.009552001953125, 0.0027523040771484375, -0.01544189453125, 0.01467132568359375, 0.01207733154296875, 0.007358551025390625, 0.006103515625, -0.006069183349609375, -0.014801025390625, -0.0007910728454589844, -0.0224761962890625, -0.018707275390625, -0.001728057861328125, 0.006134033203125, -0.00426483154296875, -0.00978851318359375, -0.01247406005859375, -0.0020809173583984375, -0.01374053955078125, 0.0013017654418945312, 0.00580596923828125, 0.01143646240234375, -0.004955291748046875, -0.00724029541015625, 0.0260009765625, 0.006420135498046875, 0.00455474853515625, 0.01380157470703125, 0.00794219970703125, 0.01508331298828125, 0.0032024383544921875, 0.00579833984375, -0.0014028549194335938, -0.002796173095703125, 0.006805419921875, 0.0025424957275390625, -0.0021762847900390625, 0.007305145263671875, 0.013275146484375, -0.018280029296875, 0.003742218017578125, 0.021453857421875, -0.00045561790466308594, 0.01319122314453125, -0.006771087646484375, -0.0189208984375, -0.01129913330078125, -0.0176849365234375, -0.02899169921875, 0.00302886962890625, 0.025787353515625, 0.009124755859375, 0.0200347900390625, -0.0012922286987304688, -0.0032100677490234375, -0.037872314453125, 0.0972900390625, 0.00171661376953125, 0.01021575927734375, 0.0145721435546875, 0.01108551025390625, 0.04852294921875, 0.0139312744140625, 0.0007653236389160156, -0.0007886886596679688, -0.0234375, -0.004543304443359375, 0.018157958984375, -0.0011539459228515625, -0.01348876953125, 0.01495361328125, 0.017547607421875, -0.018280029296875, -0.006908416748046875, -0.00437164306640625, 0.0025997161865234375, -0.0073089599609375, -0.0178680419921875, 0.007411956787109375, 0.00853729248046875, 0.0135040283203125, -0.004276275634765625, -0.0222320556640625, -0.0191650390625, 0.01568603515625, -0.01175689697265625, -0.0074462890625, 0.01000213623046875, -0.01459503173828125, 0.003932952880859375, 0.01302337646484375, -0.004840850830078125, 0.004917144775390625, 0.016845703125, -0.0308380126953125, 0.022979736328125, 0.0164642333984375, 0.00637054443359375, 0.032867431640625, 0.002117156982421875, -0.0051727294921875, -0.01258087158203125, 0.002025604248046875, 0.00502777099609375, -0.0098419189453125, 0.002246856689453125, -0.011444091796875, 0.00763702392578125, 6.341934204101562e-05, 0.0026073455810546875, -0.00876617431640625, -0.0033855438232421875, -0.01148223876953125, -0.0013580322265625, 0.0181732177734375, -0.00785064697265625, -0.004688262939453125, -0.00860595703125, -0.0023040771484375, 0.0014047622680664062, -0.00342559814453125, 0.0039215087890625, -0.00246429443359375, -0.035797119140625, 0.01477813720703125, -0.006893157958984375, -0.007015228271484375, -0.006450653076171875, -0.00617218017578125, -0.01230621337890625, -0.01715087890625, 0.013824462890625, -0.0012416839599609375, 0.01399993896484375, -0.04974365234375, 0.019744873046875, 0.0185394287109375, 1.823902130126953e-05, 0.017547607421875, -0.0056610107421875, -0.0210723876953125, -0.017578125, 0.0041046142578125, -0.01316070556640625, -0.01546478271484375, -0.00785064697265625, -0.01751708984375, -0.007526397705078125, -0.013458251953125, -0.0064849853515625, -0.0233917236328125, 0.0042572021484375, -0.0093841552734375, 0.0013275146484375, 0.017333984375, 0.0247802734375, -0.0142364501953125, 0.0092010498046875, -0.0318603515625, 0.0157928466796875, 0.00907135009765625, 0.003986358642578125, 0.0087890625, -0.00021767616271972656, -0.0131072998046875, 0.0260009765625, -0.017791748046875, 0.0007081031799316406, -0.0201568603515625, -0.0142059326171875, -0.0157012939453125, -0.0230560302734375, 0.0241241455078125, -0.00957489013671875, 0.01556396484375, -0.0017786026000976562, -0.00974273681640625, -0.0036258697509765625, -0.0017566680908203125, 0.037322998046875, 0.0223388671875, 0.05029296875, 0.0166168212890625, 0.017333984375, -0.007282257080078125, 0.0156097412109375, 0.010040283203125, -0.005626678466796875, 0.0245208740234375, -0.01026153564453125, -0.0247039794921875, 0.01107025146484375, -0.010894775390625, 0.0081939697265625, -0.024444580078125, -0.007030487060546875, -0.011993408203125, 0.005321502685546875, 0.0265350341796875, -0.0136871337890625, 0.0028285980224609375, -0.044921875, 0.014892578125, 0.0242462158203125, 0.01303863525390625, 0.0194091796875, -0.01678466796875, 0.0180206298828125, 0.0033721923828125, -0.01103973388671875, -0.0016202926635742188, -0.046966552734375, 0.00778961181640625, -0.00974273681640625, 0.00235748291015625, 0.00160980224609375, 0.004360198974609375, -0.01318359375, 0.030364990234375, 0.021881103515625, 0.0003879070281982422, -0.0038356781005859375, -0.005126953125, 0.0009489059448242188, -0.01580810546875, 0.003818511962890625, 0.025177001953125, 0.00931549072265625, -0.004924774169921875, -0.00595855712890625, 0.01535797119140625, -0.01103973388671875, 0.0172882080078125, -0.003040313720703125, 0.006839752197265625, 0.00012195110321044922, -0.002071380615234375, 0.01715087890625, -0.0079803466796875, 0.0199432373046875, 0.0125274658203125, -0.026641845703125, -0.00726318359375, 0.012786865234375, 0.012939453125, -0.0195465087890625, 0.01352691650390625, 0.0037841796875, -0.02435302734375, 0.00722503662109375, 0.0205230712890625, -0.0179443359375, -0.004726409912109375, -0.0091552734375, -0.0022411346435546875, 0.004062652587890625, -0.00933074951171875, 0.005584716796875, 0.0002932548522949219, 0.01467132568359375, -0.0102691650390625, 0.01033782958984375, 0.00914764404296875, 0.0123291015625, -0.0287933349609375, 0.02001953125, 0.006656646728515625, -0.015594482421875, -0.00482940673828125, 0.006351470947265625, -0.0171356201171875, 0.016021728515625, 0.0006146430969238281, 0.00019633769989013672, 0.003910064697265625, 0.00800323486328125, -0.0077667236328125, -0.00017702579498291016, -0.0082244873046875, -0.0150909423828125, -0.0254364013671875, -0.039520263671875, -0.0004413127899169922, -0.007598876953125, -0.0031890869140625, -0.01346588134765625, 0.0041046142578125, 0.009521484375, -0.016815185546875, -0.051239013671875, 0.019866943359375, 0.009307861328125, -0.0107269287109375, -0.01486968994140625, 0.0126800537109375, 0.005435943603515625, 0.0229339599609375, -0.0119781494140625, -0.06640625, -0.001583099365234375, 0.006626129150390625, 0.01000213623046875, 0.0227813720703125, -0.005523681640625, -0.01468658447265625, -0.004047393798828125, -0.0207977294921875, 0.0026111602783203125, -0.019012451171875, 0.0211944580078125, 0.01209259033203125, -0.00856781005859375, 0.0091400146484375, 0.0154571533203125, -0.01080322265625, -0.0078887939453125, 0.022552490234375, 0.001590728759765625, 0.013580322265625, -0.0008420944213867188, -0.0130615234375, -0.0196685791015625, 0.00699615478515625, -0.002498626708984375, -0.00432586669921875, 0.00464630126953125, -0.01026153564453125, 0.007007598876953125, 0.0146636962890625, 0.006862640380859375, 0.0008273124694824219, -0.00617218017578125, 0.011444091796875, -0.0179595947265625, -0.0045318603515625, 0.03460693359375, -0.0233001708984375, 0.02484130859375, -0.005558013916015625, -0.01044464111328125, -0.006244659423828125, 0.0139923095703125, 0.01300811767578125, -0.0166473388671875, 0.0119171142578125, -0.0069580078125, 0.006221771240234375, -0.0062713623046875, 0.01036834716796875, -0.0253143310546875, -0.006267547607421875, -0.02166748046875, 0.01024627685546875, 0.0188140869140625, 0.0008478164672851562, 0.0006365776062011719, -0.015167236328125, -0.0025920867919921875, -0.0137939453125, -0.00885009765625, 0.006305694580078125, 0.0225372314453125, -0.006389617919921875, -0.006633758544921875, 0.0189666748046875, 0.0251617431640625, 0.044219970703125, 0.01532745361328125, 0.0015878677368164062, -0.01012420654296875, 0.00463104248046875, 0.0092620849609375, 0.004077911376953125, -0.007305145263671875, 0.0009589195251464844, -0.006198883056640625, -0.0282135009765625, -0.0028972625732421875, -0.007373809814453125, -0.0004878044128417969, -0.0106353759765625, -0.0104522705078125, -0.01331329345703125, 0.0153656005859375, -0.00644683837890625, 0.004970550537109375, -0.003871917724609375, 0.008331298828125, 0.0008568763732910156, 0.01641845703125, -0.008758544921875, 0.0014715194702148438, 0.0001455545425415039, -0.010223388671875, 0.0014715194702148438, 0.001262664794921875, 0.003520965576171875, -0.00722503662109375, 0.04388427734375, -0.0009212493896484375, 0.0006175041198730469, -0.022674560546875, -0.02911376953125, -0.006267547607421875, 0.004817962646484375, -0.0012035369873046875, 0.02197265625, -0.0230255126953125, 0.0074005126953125, -0.00788116455078125, 0.01287841796875, -0.0301055908203125, 0.0180816650390625, 0.02154541015625, 0.01210784912109375, 0.002471923828125, -0.0050506591796875, -0.035064697265625, 0.0174102783203125, 0.0015192031860351562, -0.023162841796875, 0.000576019287109375, 0.029998779296875, -0.004085540771484375, -0.00298309326171875, 0.01108551025390625, -0.0017175674438476562, 0.0106353759765625, 0.00972747802734375, 0.0084381103515625, -0.005657196044921875, 0.0244293212890625, 0.0021381378173828125, -0.00490570068359375, 0.01776123046875, -0.0020294189453125, 0.0006346702575683594, 0.0128326416015625, 0.008758544921875, -0.0095672607421875, 0.00868988037109375, -0.02203369140625, 0.0156707763671875, 0.005523681640625, 0.0172882080078125, 0.0182037353515625, 0.01119232177734375, 0.0157928466796875, 0.016998291015625, 0.02789306640625, -0.005023956298828125, 0.0174560546875, -0.0037555694580078125, -0.002956390380859375, 0.014862060546875, 0.0112152099609375, 0.0138702392578125, 0.048431396484375, -0.0150604248046875, -0.013946533203125, 0.0175018310546875, 0.0204010009765625, 0.00244140625, 0.02020263671875, -0.012420654296875, 0.00180816650390625, -0.0170745849609375, -0.004749298095703125, 0.00942230224609375, 0.0208282470703125, -0.0048828125, -0.002197265625, -0.0068359375, 0.006988525390625, 0.0111541748046875, 0.00350189208984375, -0.0099639892578125, 0.01910400390625, -0.0009307861328125, 0.01312255859375, 0.0207366943359375, -0.00769805908203125, -0.005382537841796875, -0.0119171142578125, 0.005336761474609375, -0.003681182861328125, 0.00787353515625, 0.0231170654296875, -0.01262664794921875, 0.0196990966796875, 0.005489349365234375, 0.020538330078125, -0.01129913330078125, 0.015106201171875, 0.001087188720703125, -0.017608642578125, -0.0079345703125, 0.01074981689453125, 0.0167388916015625, 0.0134124755859375, -0.011199951171875, 0.0031890869140625, -0.004795074462890625, -0.0107421875, -0.0092926025390625, -0.0162506103515625, 0.021026611328125, -0.0018091201782226562, -0.00628662109375, 0.02325439453125, 0.0797119140625, -0.0069427490234375, -0.0238800048828125, 0.007106781005859375, 0.014404296875, 0.0023593902587890625, -0.00682830810546875, -0.01275634765625, 0.00412750244140625, -0.030792236328125, -0.0204010009765625, -0.0035114288330078125, 0.004673004150390625, -0.00797271728515625, -0.03399658203125, 0.028472900390625, 0.00215911865234375, 0.005870819091796875, -0.00205230712890625, -0.01515960693359375, 0.0023288726806640625, -0.00334930419921875, 0.026275634765625, 0.0202789306640625, -0.005054473876953125, 0.007427215576171875, 0.00022220611572265625, 0.003025054931640625, 0.016326904296875, -0.0025615692138671875, -2.3245811462402344e-05, 0.021087646484375, 0.0101318359375, -0.006008148193359375, -0.0287628173828125, -0.009063720703125, 0.01442718505859375, -0.00970458984375, -0.007312774658203125, 0.039276123046875, 0.00982666015625, -0.007266998291015625, 0.01389312744140625, 0.01027679443359375, -0.00992584228515625, -0.003200531005859375, -0.0191192626953125, -0.00803375244140625, 0.0269775390625, 0.0131072998046875, -0.005615234375, 0.005130767822265625, -0.0013952255249023438, -0.0135345458984375, 0.006526947021484375, -0.0013875961303710938, -0.0031642913818359375, 0.0026073455810546875, 0.0117950439453125, 0.01439666748046875, 0.01438140869140625, -0.03277587890625, -0.01236724853515625, -0.0222625732421875, 0.0007905960083007812, 0.001445770263671875, -0.0043487548828125, 0.005435943603515625, -0.00786590576171875, -0.017578125, 0.0005345344543457031, -0.01206207275390625, 0.00684356689453125, 0.0261383056640625, -0.00963592529296875, -0.00617218017578125, 0.0166015625, -0.033660888671875, -0.028564453125, 0.0142364501953125, 0.004230499267578125, -0.017303466796875, 0.016815185546875, 0.0008983612060546875, 0.00970458984375, 0.00537872314453125, 0.004467010498046875, -0.0249481201171875, -0.01534271240234375, 0.0269012451171875, -0.00028514862060546875, 0.00850677490234375, -0.000579833984375, -0.012725830078125, -0.0113067626953125, 0.0035858154296875, 0.0309600830078125, -0.01165008544921875, -0.0019178390502929688, 0.002643585205078125, -0.0061798095703125, 0.00841522216796875, -0.01239776611328125, 0.00821685791015625, -0.013214111328125, -0.0148468017578125, 0.000141143798828125, 0.004230499267578125, -0.004611968994140625, -0.006866455078125, -0.005035400390625, -0.019378662109375, 0.014190673828125, 0.006923675537109375, -0.02362060546875, 0.00675201416015625, -0.0041656494140625, 0.002719879150390625, 0.0086517333984375, 0.005771636962890625, 0.00637054443359375, -0.0035305023193359375, 0.019256591796875, 0.01338958740234375, 0.011810302734375, 0.01297760009765625, -0.00408935546875, -0.0151519775390625, 0.03460693359375, -0.0264434814453125, 0.0017223358154296875, -0.007228851318359375, -0.00208282470703125, -0.015594482421875, -0.011444091796875, -0.00826263427734375, 0.005649566650390625, -0.00939178466796875, -0.0028934478759765625, -0.0207061767578125, 0.0023479461669921875, -0.00888824462890625, 0.01056671142578125, -0.016632080078125, 0.0189056396484375, 0.004680633544921875, 0.005901336669921875, -0.0235443115234375, -0.019134521484375, -0.02044677734375, 0.0006699562072753906, -0.0246429443359375, -0.004199981689453125, -0.01200103759765625, -0.0005354881286621094, 0.039306640625, 0.007480621337890625, 0.001850128173828125, -0.006572723388671875, 0.025482177734375, 0.01061248779296875, -0.006683349609375, -0.005496978759765625, 0.00212860107421875, 0.00885009765625, 0.03173828125, 0.01520538330078125, -0.0028896331787109375, -0.02069091796875, -0.0018024444580078125, 0.0270843505859375, -0.0102386474609375, 0.019317626953125, -0.007083892822265625, -0.025604248046875, -0.0128631591796875, -0.0003719329833984375, 0.02044677734375, -0.006237030029296875, -0.0146331787109375, -1.9550323486328125e-05, 0.003116607666015625, 0.01219940185546875, 0.00499725341796875, 0.0182342529296875, -0.00010538101196289062, -0.0012807846069335938, -0.01383209228515625, -0.0014591217041015625, -0.060455322265625, -0.011962890625, 0.005157470703125, 0.01309967041015625, -0.01971435546875, -0.0101165771484375, 0.01181793212890625, 0.0281829833984375, 0.001949310302734375, -0.0259552001953125, -0.014739990234375, -0.02984619140625, 0.0104827880859375, -0.03515625, 0.004528045654296875, 0.005809783935546875, -0.0005078315734863281, 0.0080718994140625, 0.01261138916015625, 0.00997161865234375, 0.008331298828125, -0.01320648193359375, -0.013427734375, 0.019622802734375, -0.01161956787109375, -0.0242156982421875, -0.006351470947265625, -0.034332275390625, 0.014190673828125, -0.00743865966796875, 0.0139923095703125, -0.0178985595703125, 0.0001289844512939453, 0.0182952880859375, -0.00823211669921875, -0.00615692138671875, 0.0012006759643554688, 0.014923095703125, -0.0163726806640625, -0.04052734375, -0.01458740234375, 0.01320648193359375, 0.00908660888671875, 0.0023860931396484375, -0.0169677734375, -0.005458831787109375, 0.0027179718017578125, 0.00826263427734375, -0.024810791015625, -0.004245758056640625, 0.01096343994140625, 0.01131439208984375, -0.01293182373046875, -0.024810791015625, -0.0133209228515625, -0.01092529296875, 0.00469207763671875, -0.0004229545593261719, 0.006328582763671875, 0.00027751922607421875, -0.004299163818359375, -0.0123138427734375, -0.0197296142578125, 0.0233001708984375, -0.004261016845703125, 0.0113983154296875, -0.03411865234375, -0.016143798828125, -0.0462646484375, 0.0131072998046875, -0.0164794921875, 0.0273895263671875, -0.0035915374755859375, 0.005100250244140625, 0.0192718505859375, -0.003971099853515625, -0.0032482147216796875, -0.00843048095703125, 0.006420135498046875, 0.01102447509765625, 0.0090484619140625, -0.00395965576171875, 0.00909423828125, -0.029632568359375, -0.0006976127624511719, 0.0450439453125, 0.00859832763671875, 0.00037932395935058594, -0.0004189014434814453, 0.0057373046875, 0.01114654541015625, 0.005229949951171875, 0.008880615234375, 0.0259246826171875, -0.01366424560546875, -0.00106048583984375, 0.0043792724609375, 0.0018634796142578125, -0.00955963134765625, -0.0168914794921875, 0.008026123046875, 0.0065765380859375, 0.01300811767578125, -0.015106201171875, -0.0182342529296875, -0.017913818359375, 0.011627197265625, 0.0063323974609375, 0.007381439208984375, -0.0033664703369140625, 0.0186309814453125, 0.0185546875, 0.0005626678466796875, 0.0210418701171875, -0.0091400146484375, -0.00928497314453125, 0.00605010986328125, -0.0014410018920898438, -0.003276824951171875, 0.010833740234375, -0.01024627685546875, -0.0106964111328125, -0.0159912109375, 0.0112457275390625, -0.0243072509765625, -0.004791259765625, 0.00417327880859375, -0.0107269287109375, -0.016937255859375, 0.004962921142578125, -0.007274627685546875, 0.005855560302734375, -0.00977325439453125, -0.0031108856201171875, -0.01971435546875, 0.032989501953125, 0.0171051025390625, -0.0146331787109375, 0.032257080078125, -0.016937255859375, 0.008514404296875, 0.0002799034118652344, -0.028961181640625, -0.023193359375, 0.004192352294921875, 0.00012302398681640625, -0.01375579833984375, -0.0223846435546875, -0.01470947265625, -0.01132965087890625, 0.0269317626953125, -0.0028209686279296875, -0.02764892578125, -0.006175994873046875, 0.0015897750854492188, 0.0265655517578125, -0.0265350341796875, -0.001682281494140625, -0.010498046875, -0.007396697998046875, -0.0304107666015625, -0.0007004737854003906, -0.032135009765625, -0.0014629364013671875, 0.01812744140625, 0.012725830078125, -0.006011962890625, -0.03326416015625, -0.003936767578125, 0.00954437255859375, -0.01093292236328125, -0.0103302001953125, 0.00363922119140625, -0.00641632080078125, -0.035491943359375, -0.029083251953125, -0.0101470947265625, 0.00396728515625, -0.00341796875, 0.01480865478515625, 0.0023403167724609375, -0.01105499267578125, -0.0008997917175292969, 0.00489044189453125, 0.01354217529296875, 0.00872039794921875, -0.0111236572265625, -0.0026531219482421875, 0.00798797607421875, -0.00948333740234375, 0.003795623779296875, 0.00856781005859375, 0.006137847900390625, 0.000705718994140625, 0.00994873046875, -0.0002868175506591797, -0.0099945068359375, -0.028717041015625, -0.01067352294921875, -0.0183258056640625, 0.0139923095703125, 0.015777587890625, -0.0004124641418457031, 0.0082855224609375, 0.0033588409423828125, -0.0029754638671875, 5.125999450683594e-06, -0.0003542900085449219, 0.0121307373046875, 0.007175445556640625, -0.0211334228515625, 0.022796630859375, -0.00751495361328125, -0.02703857421875, 0.0176544189453125, -0.01154327392578125, -0.004871368408203125, 0.005634307861328125, -0.0321044921875, 0.0037593841552734375, -0.00850677490234375, -0.0078125, 0.00730133056640625, 0.0021724700927734375, -0.007537841796875, -0.005214691162109375, -0.01285552978515625, -0.027862548828125, 0.0012807846069335938, 0.0017366409301757812, -0.0060272216796875, -0.00556182861328125, 0.00670623779296875, -0.014068603515625, -0.0225830078125, -0.0020198822021484375, -0.006938934326171875, -0.0161895751953125, -0.0257568359375, -0.025299072265625, 0.00359344482421875, -0.00331878662109375, 0.01885986328125, 0.021331787109375, 0.0133209228515625, -0.01189422607421875, 0.0113677978515625, -0.012298583984375, -0.0034885406494140625, -0.004711151123046875, -0.026458740234375, 6.693601608276367e-05, 0.0252227783203125, -0.0035686492919921875, 0.0007872581481933594, -0.00024819374084472656, 0.005672454833984375, 0.05804443359375, -0.002552032470703125, -0.0204925537109375, 0.00206756591796875, 0.00814056396484375, 0.0013456344604492188, -0.007610321044921875, 0.0201416015625, 0.0245208740234375, 0.003719329833984375, 0.0005812644958496094, 0.0024662017822265625, -0.00811767578125, 0.0518798828125, 0.001800537109375, -0.0067901611328125, 0.0032062530517578125, 0.017242431640625, 0.0350341796875, 0.004161834716796875, 0.01085662841796875, 0.0104522705078125, -0.00843048095703125, 0.0113983154296875, 0.024505615234375, 0.011962890625, 0.0036067962646484375, -0.01067352294921875, 0.03387451171875, 0.003086090087890625, -0.01934814453125, 0.01110076904296875, 0.0059967041015625, 0.019866943359375, -0.0117950439453125, 0.0576171875, -0.0156707763671875, 0.00812530517578125, -0.009735107421875, 0.04119873046875, 0.003936767578125, -0.0027904510498046875, 0.00945281982421875, 0.01044464111328125, -0.0155487060546875, 0.02203369140625, -0.0056304931640625, -0.0112152099609375, -0.0052947998046875, -0.0046234130859375, 0.0258026123046875, -0.00945281982421875, -0.0142364501953125, 0.0017976760864257812, -0.0279388427734375, -0.006740570068359375, 0.0122528076171875, 0.0005283355712890625, 0.003948211669921875, -0.00518798828125, -0.008270263671875, 0.011016845703125, 0.00122833251953125, -0.0001062154769897461, 0.001926422119140625, 0.01776123046875, 0.0025691986083984375, 0.0033512115478515625, 0.018707275390625, 0.01398468017578125, 0.0003275871276855469, 0.01541900634765625, 0.0264129638671875, -0.0020008087158203125, -0.006591796875, -0.0012140274047851562, -0.011322021484375, -0.00534820556640625, -0.007297515869140625, -0.00524139404296875, 0.01259613037109375, 0.005947113037109375, -0.0008320808410644531, -0.02996826171875, 0.006702423095703125, 0.00905609130859375, 0.01403045654296875, 0.0078582763671875, 0.0008368492126464844, 0.00237274169921875, 0.00246429443359375, 0.02294921875, -0.00832366943359375, -0.0006656646728515625, 0.0024547576904296875, -0.003875732421875, 0.00494384765625, -0.0144500732421875, 0.006900787353515625, 0.0194854736328125, -0.05084228515625, 0.00792694091796875, -0.0023956298828125, 0.031585693359375, 0.002471923828125, -0.0013742446899414062, -0.017791748046875, -0.007244110107421875, 0.02410888671875, 0.01540374755859375, 0.01517486572265625, -0.008819580078125, -0.01024627685546875, -0.01490020751953125, -0.00028705596923828125, 0.00016939640045166016, 0.0111083984375, -0.00896453857421875, 0.007297515869140625, 0.00226593017578125, -0.0037174224853515625, 0.01155853271484375, -0.012451171875, 0.0030307769775390625, 0.01364898681640625, -0.0083160400390625, -0.003673553466796875, 0.0232696533203125, -0.0113372802734375, 0.0147705078125, 0.00919342041015625, 0.007537841796875, -0.0012531280517578125, -0.00733184814453125, -0.005008697509765625, -0.0017995834350585938, 0.01296234130859375, 0.01032257080078125, -0.018341064453125, -0.022369384765625, 0.00568389892578125, -0.0102996826171875, -0.01523590087890625, 0.0201416015625, 0.001766204833984375, 0.007556915283203125, 0.0208587646484375, -1.7821788787841797e-05, 0.01068878173828125, -0.0059967041015625, -0.00441741943359375, 0.002880096435546875, 0.01500701904296875, -0.005176544189453125, -0.005336761474609375, 0.022918701171875, 0.00354766845703125, -0.0038204193115234375, -0.007381439208984375, 0.01139068603515625, 0.01256561279296875, -0.0005712509155273438, 0.004150390625, 0.00023615360260009766, -0.01503753662109375, 0.00020742416381835938, -0.0011491775512695312, -0.01324462890625, 0.004184722900390625, 0.0098724365234375, -0.0182647705078125, 0.01407623291015625, 0.00995635986328125, -0.0013980865478515625, 0.0246429443359375, -0.004390716552734375, -0.0029144287109375, 0.0150299072265625, 0.01000213623046875, -0.005260467529296875, 0.0155181884765625, 0.0131072998046875, -0.00844573974609375, 0.01171112060546875, -4.607439041137695e-05, -0.00768280029296875, 0.00881195068359375, -0.01153564453125, -0.0166168212890625, 0.0105743408203125, 0.0094757080078125, -0.0035724639892578125, -0.01187896728515625, 0.002063751220703125, 0.0034198760986328125, -0.00179290771484375, 0.0048828125, 0.001415252685546875, -0.0140380859375, -0.0015020370483398438, -0.0085906982421875, -0.015716552734375, -0.0100250244140625, -0.014678955078125, 0.0243682861328125, -0.013214111328125, 0.01171875, 0.0242919921875, -0.0228118896484375, 0.004642486572265625, 0.0232391357421875, 0.0006899833679199219, 0.0231781005859375, 0.02374267578125, -0.00229644775390625, -0.006450653076171875, 0.0272216796875, -0.005283355712890625, -0.0008397102355957031, 0.016876220703125, 0.0023746490478515625, 0.0157318115234375, -0.0160675048828125, -0.00482940673828125, -0.01007843017578125, 0.004489898681640625, -0.0069122314453125, 0.008575439453125, -0.0024280548095703125, -0.0080413818359375, 0.0079803466796875, -0.03106689453125, 0.00467681884765625, 0.0023651123046875, 0.00408172607421875, -0.0024547576904296875, -0.00901031494140625, 0.0289306640625, -0.0187530517578125, 0.0289154052734375, -0.003875732421875, 0.0322265625, 0.007080078125, -0.009033203125, 0.0158538818359375, -0.01654052734375, -0.006755828857421875, -0.00350189208984375, -0.0268707275390625, -0.0071258544921875, -0.017181396484375, -0.00012171268463134766, 0.016845703125, -0.006519317626953125, -0.00742340087890625, 0.006916046142578125, -0.004024505615234375, -0.006191253662109375, 0.01145172119140625, 0.009063720703125, -0.004093170166015625, 0.01018524169921875, 0.00490570068359375, -0.005725860595703125, -0.0021209716796875, 0.00620269775390625, 0.006824493408203125, 0.03338623046875, -0.017974853515625, 0.00559234619140625, -0.0301055908203125, 0.0029754638671875, 0.00727081298828125, -0.014129638671875, 0.0224151611328125, 0.007343292236328125, 0.0008182525634765625, -0.0095672607421875, 0.0099945068359375, 0.036102294921875, 0.0036716461181640625, 0.043243408203125, -0.01128387451171875, 0.0109100341796875, 0.00861358642578125, 0.007526397705078125, 0.01690673828125, -0.0015087127685546875, 0.01461029052734375, -0.00919342041015625, 0.0291900634765625, 0.02130126953125, 0.0012197494506835938, 0.01471710205078125, -0.00595855712890625, 0.0020809173583984375, 0.0253753662109375, 0.009857177734375, 0.01546478271484375, 0.0196990966796875, 0.0038604736328125, 0.003391265869140625, -0.0059967041015625, -0.029693603515625, -0.012969970703125, -0.0019931793212890625, 0.01000213623046875, -0.005809783935546875, -0.0160980224609375, -0.00855255126953125, 0.0010585784912109375, 0.0161590576171875, 0.0011453628540039062, -0.07672119140625, -0.0031223297119140625, 0.0200653076171875, 0.0105743408203125, 0.04278564453125, 0.0006642341613769531, -0.00897979736328125, -6.693601608276367e-05, 0.018310546875, 0.00930023193359375, 0.004894256591796875, 0.023834228515625, 0.00966644287109375, -0.0019397735595703125, 0.0035877227783203125, -0.02313232421875, 0.008544921875, -0.017059326171875, -0.0010662078857421875, 0.00867462158203125, -0.01328277587890625, -0.0143280029296875, 0.01690673828125, -0.0186004638671875, -0.0097503662109375, 0.015655517578125, 0.004207611083984375, -0.0211639404296875, -0.0147552490234375, 0.006977081298828125, -0.0211639404296875, 0.00447845458984375, -0.01806640625, 0.008575439453125, -0.01641845703125, 0.003780364990234375, -0.0142669677734375, -0.032135009765625, -0.0010585784912109375, 0.0019741058349609375, 0.0198211669921875, 0.0206298828125, 0.00015497207641601562, 0.00553131103515625, 0.00452423095703125, 0.00710296630859375, -0.0134735107421875, -0.011688232421875, 0.018402099609375, 0.0031280517578125, -0.0017728805541992188, -0.0300140380859375, 0.0294647216796875, 0.0088348388671875, 0.00372314453125, -0.01432037353515625, 0.0245819091796875, 0.00794219970703125, -0.01605224609375, 0.0133819580078125, 0.0067901611328125, 0.0014286041259765625, 0.0161895751953125, 0.0203399658203125, -0.0023784637451171875, -0.009063720703125, 0.005279541015625, 0.020721435546875, 0.01409912109375, -0.0021686553955078125, -0.01092529296875, -0.0158233642578125, 0.022552490234375, 0.03076171875, -2.3365020751953125e-05, 0.003528594970703125, -0.01218414306640625, 0.0210418701171875, -0.01244354248046875, -0.021270751953125, -0.00019621849060058594, -0.0001367330551147461, -0.0953369140625, -0.0003464221954345703, 0.01800537109375, 0.0022373199462890625, 0.015655517578125, -0.0022335052490234375, -0.01806640625, -0.0117340087890625, 0.01479339599609375, 0.01021575927734375, 0.01148223876953125, -0.00902557373046875, 0.008880615234375, -0.00525665283203125, 0.00901031494140625, 0.014251708984375, -0.0026416778564453125, 0.003753662109375, -0.0041961669921875, -0.01055908203125, -0.0259246826171875, 0.0291900634765625, -0.005771636962890625, 0.02337646484375, -0.00019788742065429688, -0.00508880615234375, -0.01036834716796875, -0.00894927978515625, -0.002063751220703125, 0.005767822265625, 0.01172637939453125, -0.00888824462890625, 0.034149169921875, 0.00904083251953125, 0.002193450927734375, -0.0013113021850585938, -0.001674652099609375, 0.01172637939453125, 0.01309967041015625, 2.9265880584716797e-05, -0.003398895263671875, 0.0052337646484375, -0.0022602081298828125, 0.007610321044921875, -0.01535797119140625, -0.0170135498046875, 0.00792694091796875, 0.034454345703125, -0.01201629638671875, -0.0028553009033203125, 0.0074615478515625, -0.0046844482421875, 0.00811004638671875, 0.0044403076171875, -0.0102081298828125, 0.004985809326171875, 0.0015268325805664062, 0.01251983642578125, 0.0010433197021484375, -0.0021572113037109375, -0.0285491943359375, -0.01483154296875, -0.0181427001953125, -0.0024623870849609375, -0.0108642578125, 0.013397216796875, -0.039398193359375, -0.0013761520385742188, -0.0213775634765625, -0.013397216796875, 0.00789642333984375, -0.0005888938903808594, -0.0032558441162109375, -0.00046944618225097656, -0.0008797645568847656, -0.01079559326171875, 0.033905029296875, -0.01390838623046875, 0.00852203369140625, 0.007152557373046875, -0.007053375244140625, 0.0135040283203125, -0.0053253173828125, 0.00015461444854736328, 0.0306549072265625, 0.00872039794921875, 0.0026950836181640625, 0.00836181640625, -0.0013103485107421875, -0.0246124267578125, 0.01059722900390625, -0.032196044921875, 0.01380157470703125, -0.020111083984375, -0.0096588134765625, 0.002773284912109375, 0.005451202392578125, 0.010589599609375, 0.003711700439453125, -0.0255279541015625, -0.020843505859375, -0.00994110107421875, 0.01305389404296875, -0.00567626953125, -0.01236724853515625, 0.005706787109375, -0.00018286705017089844, 0.0021953582763671875, -0.00901031494140625, 0.005367279052734375, -0.01546478271484375, -0.00891876220703125, 0.004566192626953125, -0.0179595947265625, -0.004428863525390625, 0.009796142578125, -0.005710601806640625, 0.00740814208984375, -0.002902984619140625, 0.00884246826171875, 0.003582000732421875, 0.0167388916015625, -0.021575927734375, 0.0081024169921875, 0.0004131793975830078, 0.00823211669921875, -0.0192108154296875, 0.01312255859375, 0.01502227783203125, -0.005977630615234375, 0.0306243896484375, -0.0030574798583984375, 0.00024390220642089844, -0.013763427734375, -0.00806427001953125, -0.019256591796875, -0.0063018798828125, 0.0328369140625, 0.01120758056640625, -0.003509521484375, 0.017974853515625, -0.01898193359375, -0.0211334228515625, 0.0147247314453125, -0.01873779296875, -0.0213623046875, 0.00974273681640625, 0.0372314453125, -0.00672149658203125, -0.00614166259765625, 0.0167083740234375, -0.0153656005859375, -0.0092010498046875, -0.00481414794921875, 0.0135650634765625, 0.020416259765625, 0.019378662109375, -0.007015228271484375, 0.00890350341796875, 0.007659912109375, 0.0217132568359375, -0.016845703125, -0.007579803466796875, -0.0335693359375, 0.003910064697265625, 0.001983642578125, 0.0014019012451171875, -0.0154876708984375, 0.00029158592224121094, 0.00664520263671875, 0.0099334716796875, 0.006866455078125, 0.00640106201171875, -0.006587982177734375, 0.015533447265625, 0.00383758544921875, 0.01065826416015625, -0.01024627685546875, -0.01438140869140625, -0.001621246337890625, -0.020263671875, -0.0050506591796875, -0.049041748046875, 0.01043701171875, 0.00458526611328125, 0.0215911865234375, -0.007434844970703125, 0.00649261474609375, -0.00988006591796875, -0.0013523101806640625, -0.00798797607421875, 0.0012235641479492188, 0.0174407958984375, -0.0031585693359375, 0.00826263427734375, 0.02593994140625, 0.016326904296875, 0.00418853759765625, -0.027496337890625, -0.015960693359375, -0.0169830322265625, -0.01470947265625, 0.00963592529296875, -0.0183868408203125, -0.00936126708984375, 0.004650115966796875, -0.0082244873046875, 0.01517486572265625, 0.0188140869140625, 0.006011962890625, -0.00832366943359375, -0.00955963134765625, -0.01207733154296875, -0.007083892822265625, 0.03533935546875, 0.020294189453125, 0.0059661865234375, -0.00684356689453125, -0.01470184326171875, -0.0022487640380859375, 0.003009796142578125, -0.020721435546875, 0.004673004150390625, -0.0154876708984375, -0.006622314453125, -0.012969970703125, -0.0083770751953125, 0.0129547119140625, 0.01340484619140625, -0.019866943359375, -0.023956298828125, -0.00798797607421875, -0.016082763671875, -0.003681182861328125, 0.00738525390625, 0.003665924072265625, -0.004856109619140625, -0.007221221923828125, 0.01514434814453125, -0.01319122314453125, -0.002574920654296875, 0.047943115234375, -0.02679443359375, -0.0007138252258300781, 0.011962890625, 0.010162353515625, 0.0035800933837890625, 0.008392333984375, -0.01544189453125, -0.019561767578125, -0.0128631591796875, -0.0006070137023925781, -0.0213165283203125, 0.0030345916748046875, -0.0155029296875, -0.034759521484375, -0.0169830322265625, -0.003917694091796875, 0.01837158203125, -0.019012451171875, 0.0032958984375, -0.0092620849609375, 0.01390838623046875, 0.0159759521484375, -0.0018682479858398438, -0.005931854248046875, 0.0224609375, -0.0107269287109375, 0.0208587646484375, 0.004558563232421875, 0.018463134765625, 0.0087890625, 0.0023040771484375, 0.0135650634765625, 0.016143798828125, -0.002117156982421875, -0.0062713623046875, 0.027008056640625, -0.005199432373046875, -0.02044677734375, 0.0004591941833496094, -0.016510009765625, 0.0028076171875, -0.0005779266357421875, -0.00800323486328125, -0.00470733642578125, 0.0011081695556640625, 0.01372528076171875, -0.0200347900390625, 0.0177001953125, -0.0171051025390625, -0.015777587890625, 0.0262908935546875, -0.01293182373046875, 0.009613037109375, -0.010101318359375, -0.0202789306640625, -0.00881195068359375, -0.0119781494140625, 0.051971435546875, -0.025146484375, 0.0044708251953125, 0.0052642822265625, 0.0001621246337890625, 0.0148162841796875, -0.0107574462890625, 0.0006899833679199219, -0.004909515380859375, 0.00930023193359375, -0.002552032470703125, 0.046142578125, 1.9669532775878906e-05, -0.0019474029541015625, 0.0010404586791992188, 0.01544952392578125, 0.025177001953125, -0.0093841552734375, 0.00388336181640625, -0.023590087890625, -0.02496337890625, -0.016998291015625, -0.0170135498046875, -0.0013036727905273438, 0.0279541015625, -0.0212554931640625, -0.0245513916015625, -0.00786590576171875, -0.00882720947265625, 0.01351165771484375, -0.01097869873046875, 0.01049041748046875, -0.002902984619140625, 0.01334381103515625, -0.0015125274658203125, -0.006198883056640625, -0.0006189346313476562, -0.0098876953125, -0.00392913818359375, 0.006805419921875, -0.004695892333984375, -0.002262115478515625, -0.000247955322265625, 0.0062408447265625, -0.00034236907958984375, 0.0045013427734375, -0.00670623779296875, 0.0113525390625, 0.01119232177734375, -0.006031036376953125, -0.00473785400390625, -0.004917144775390625, -0.0177154541015625, -0.002872467041015625, 0.0240478515625, -0.004230499267578125, -0.007045745849609375, 0.0013895034790039062, 0.06787109375, -0.016357421875, -0.0260009765625, 0.00957489013671875, -0.01053619384765625, 0.0088653564453125, -0.00363922119140625, -0.00025153160095214844, -0.0099334716796875, -0.015472412109375, -0.00582122802734375, 0.015045166015625, -0.0151519775390625, 0.005405426025390625, -0.007663726806640625, 0.0008330345153808594, 0.0118560791015625, -0.0004410743713378906, -0.003955841064453125, 0.0142669677734375, 0.0176544189453125, -0.02752685546875, -0.0260467529296875, 0.0081329345703125, -0.01386260986328125, 0.009246826171875, -0.048828125, 0.0163116455078125, 0.004024505615234375, 0.01293182373046875, -6.371736526489258e-05, 0.0286712646484375, 0.00493621826171875, -0.0164642333984375, -0.0003638267517089844, 0.0141448974609375, -0.0062713623046875, 0.01311492919921875, -0.02490234375, 0.00914764404296875, 0.0121002197265625, -0.00453948974609375, 0.01061248779296875, 0.0208587646484375, -0.0325927734375, -0.006000518798828125, 0.007080078125, -0.0013065338134765625, 0.01059722900390625, -0.0304412841796875, -0.01107025146484375, 0.0101470947265625, 0.0171356201171875, 0.0155792236328125, 0.0021648406982421875, -0.002445220947265625, 0.01401519775390625, -0.01102447509765625, 0.029998779296875, 0.0010271072387695312, 0.01264190673828125, 0.010009765625, -0.036224365234375, -0.00492095947265625, 0.01123046875, 0.001346588134765625, 0.021881103515625, -0.0214385986328125, -0.031829833984375, 0.0115509033203125, 0.004070281982421875, -0.00568389892578125, 0.0135345458984375, 0.0029315948486328125, 0.006504058837890625, 0.0082550048828125, 0.0059356689453125, -0.0207061767578125, -0.009002685546875, 0.0129852294921875, 0.02655029296875, 0.043304443359375, -0.00823974609375, 0.029296875, 0.00698089599609375, -0.0197906494140625, -0.0219879150390625, -0.0282135009765625, 0.0161285400390625, 0.01195526123046875, -0.00951385498046875, -0.0220184326171875, -0.01611328125, -0.01470184326171875, 0.0008454322814941406, -0.013824462890625, 0.01904296875, -0.012603759765625, -0.00550079345703125, 0.015869140625, -0.0222930908203125, -0.0007729530334472656, -0.004970550537109375, -0.0233612060546875, -0.0003657341003417969, 0.0009737014770507812, -0.01084136962890625, 0.0054931640625, -0.006450653076171875, 0.01343536376953125, 0.005329132080078125, 0.00971221923828125, -0.0032711029052734375, -0.0013751983642578125, 0.0016574859619140625, 0.0100860595703125, 0.0308074951171875, 0.014617919921875, -0.01123046875, -0.0085601806640625, 0.0204620361328125, -0.0205078125, 0.0017995834350585938, -0.00778961181640625, -0.0033016204833984375, 0.01006317138671875, -0.03167724609375, 0.00513458251953125, 0.017486572265625, 0.0163116455078125, 0.0063934326171875, 0.01120758056640625, -0.0084381103515625, 0.016021728515625, -0.0027675628662109375, -0.0002856254577636719, 0.0323486328125, 0.01502227783203125, 0.0025482177734375, -0.007480621337890625, 0.015655517578125, -0.0260009765625, -0.0008511543273925781, -0.01068878173828125, 0.003082275390625, -0.01540374755859375, 0.01593017578125, -0.006145477294921875, -0.00878143310546875, 0.0160675048828125, -0.00931549072265625, -0.0269622802734375, -0.01263427734375, -0.0192718505859375, -0.0005726814270019531, 0.00012433528900146484, -0.0240936279296875, -0.0028667449951171875, 0.00777435302734375, 0.01367950439453125, -0.001232147216796875, 0.0233001708984375, 0.01366424560546875, 0.0168304443359375, 0.001842498779296875, -0.0171356201171875, -0.0080108642578125, -0.015838623046875, 0.004337310791015625, -0.07403564453125, -0.0024261474609375, 0.001667022705078125, -0.0029430389404296875, -0.01020050048828125, 0.0124053955078125, -0.01306915283203125, -0.0089263916015625, -0.00769805908203125, 0.007213592529296875, 0.02215576171875, 0.0024204254150390625, -0.0017385482788085938, -0.01207733154296875, 0.006969451904296875, -0.0156402587890625, 0.000713348388671875, 0.005344390869140625, -0.0013399124145507812, -0.0176544189453125, -0.01145172119140625, -0.007110595703125, -0.01336669921875, -0.01386260986328125, 0.00246429443359375, -0.0031070709228515625, -0.00789642333984375, -0.00586700439453125, 0.0160980224609375, 0.023590087890625, -0.005947113037109375, 0.01329803466796875, -0.00536346435546875, 0.0021800994873046875, -0.001983642578125, 0.0025787353515625, 0.00675201416015625, -0.0059051513671875, -0.0022754669189453125, -0.005222320556640625, 0.0108642578125, -0.010589599609375, 0.0015354156494140625, 0.01517486572265625, -0.0033969879150390625, 0.0162353515625, 0.00018227100372314453, 0.0163421630859375, -0.00848388671875, 0.0099945068359375, -0.0069732666015625, 0.01479339599609375, 0.01318359375, 0.0183868408203125, -0.01222991943359375, -0.006622314453125, -0.024139404296875, 0.018524169921875, 0.035064697265625, 0.01016998291015625, 0.018890380859375, 0.021759033203125, 0.01507568359375, -0.004611968994140625, -0.00826263427734375, 0.00679779052734375, 0.01495361328125, -0.00482940673828125, 0.01372528076171875, -0.01959228515625, -0.0121917724609375, -0.0298004150390625, 0.00020074844360351562, -0.0032176971435546875, 0.007568359375, -0.004657745361328125, -0.01180267333984375, 0.01276397705078125, 0.01451873779296875, -0.0030765533447265625, -0.00771331787109375, -0.013397216796875, 0.01325225830078125, -0.00862884521484375, 0.0013246536254882812, 0.01152801513671875, -0.011962890625, 0.01180267333984375, 0.0096588134765625, 0.005626678466796875, 0.0124053955078125, 0.013336181640625, 0.0235443115234375, 0.005062103271484375, -0.00749969482421875, 0.0157470703125, 0.009033203125, -0.0020275115966796875, 0.0032444000244140625, 0.0120086669921875, 0.017120361328125, -0.014129638671875, 0.007381439208984375, 0.0115814208984375, 0.020599365234375, -0.002410888671875, 0.0184783935546875, -0.0303802490234375, 0.018890380859375, 0.010650634765625, -0.011962890625, 0.006137847900390625, 0.0236663818359375, -0.0240020751953125, 0.01044464111328125, -0.0123291015625, -0.006275177001953125, -0.013519287109375, 0.0086669921875, 0.01163482666015625, 0.023590087890625, 0.0022830963134765625, 0.01409149169921875, -0.004299163818359375, -0.0019550323486328125, 0.01531982421875, -0.01416015625, -0.0175323486328125, 0.006591796875, 0.018646240234375, 0.018768310546875, 0.0185546875, -0.00896453857421875, -0.0167999267578125, 0.0060882568359375, -0.01273345947265625, -0.01320648193359375, 0.0340576171875, 0.0072021484375, 0.00799560546875, -0.005306243896484375, 0.0007929801940917969, -0.0019283294677734375, 0.00780487060546875, -0.0075836181640625, -0.01000213623046875, -0.01139068603515625, -0.0032978057861328125, -0.004688262939453125, -0.00035953521728515625, -0.01143646240234375, 0.0003600120544433594, -0.00034046173095703125, 0.015106201171875, 0.0474853515625, -0.00907135009765625, 0.004058837890625, -0.00235748291015625, -0.02130126953125, 0.00905609130859375, -0.0024013519287109375, -0.015350341796875, 0.00154876708984375, -0.0194549560546875, 0.0023250579833984375, 0.034698486328125, 0.003772735595703125, -0.0128936767578125, -0.00876617431640625, -0.015472412109375, -0.0187225341796875, 0.01084136962890625, -0.01025390625, -0.0056610107421875, 0.008544921875, -0.0200958251953125, 0.0109405517578125, 0.01187896728515625, -0.01593017578125, -0.0127105712890625, -0.0164947509765625, 0.0172882080078125, 0.00027871131896972656, 0.0198211669921875, -0.0117034912109375, 0.0181427001953125, 0.007503509521484375, 0.03277587890625, -0.0304107666015625, 0.00160980224609375, -0.035247802734375, -0.0007519721984863281, -0.0019931793212890625, -0.007335662841796875, -0.0096893310546875, -0.0043487548828125, -0.0005898475646972656, -0.004100799560546875, 0.0115203857421875, -0.01406097412109375, -0.00861358642578125, 0.006805419921875, 0.00960540771484375, 0.015960693359375, -0.0246124267578125, 0.022125244140625, -0.01641845703125, 0.0007162094116210938, -0.0199127197265625, -0.0017185211181640625, -0.0098724365234375, -0.00501251220703125, 0.0151519775390625, 0.0013971328735351562, -0.0053558349609375, 0.0245361328125, -0.0007004737854003906, 0.00875091552734375, 0.00467681884765625, -0.01224517822265625, -0.017791748046875, 4.708766937255859e-06, -0.014801025390625, 0.01160430908203125, 0.0014009475708007812, 0.005889892578125, -0.0298004150390625, 0.0083465576171875, 0.00936126708984375, -0.018157958984375, -0.0147247314453125, 0.01306915283203125, -0.0188446044921875, 0.01306915283203125, 0.0165252685546875, -0.0027065277099609375, -0.0153961181640625, -0.031158447265625, 0.000335693359375, -0.025146484375, -0.0016851425170898438, -0.00040149688720703125, -0.0177764892578125, -0.0089263916015625, 0.021942138671875, 0.004390716552734375, 0.00499725341796875, -0.012786865234375, -0.0264129638671875, -0.017059326171875, -0.02813720703125, 0.0183563232421875, 0.0236358642578125, -0.0002624988555908203, 0.0289306640625, -0.005420684814453125, -0.0176849365234375, -0.00409698486328125, 0.0224456787109375, -0.0153656005859375, -0.00975799560546875, -0.0100555419921875, 0.0289306640625, 0.0016164779663085938, 0.0169677734375, 0.01248931884765625, 0.0195159912109375, 0.0015239715576171875, 0.0322265625, 0.01189422607421875, 0.0122833251953125, -0.0035266876220703125, 0.010528564453125, 0.0094146728515625, -0.0003819465637207031, -0.0180816650390625, -0.0290374755859375, -0.037628173828125, -0.0125274658203125, -0.02069091796875, 0.018096923828125, -0.007404327392578125, -0.00545501708984375, 0.0042572021484375, -0.01496124267578125, -0.0091705322265625, 0.0019779205322265625, 0.031494140625, 0.01091766357421875, -0.0172576904296875, -0.005889892578125, 0.0190582275390625, -0.00039649009704589844, 0.0218048095703125, 0.022491455078125, 0.0089111328125, 0.0184783935546875, -0.0029582977294921875, 0.005096435546875, -0.00039267539978027344, 0.01050567626953125, 0.01023101806640625, 0.0298919677734375, 0.011322021484375, -0.013641357421875, 0.0005650520324707031, -0.00336456298828125, -0.015655517578125, 0.00894927978515625, -0.0125732421875, -0.0090179443359375, -0.017120361328125, -0.00421905517578125, 0.0137939453125, 0.0289154052734375, -0.0025482177734375, -0.006969451904296875, -0.00949859619140625, 0.0011796951293945312, -0.00684356689453125, -0.01232147216796875, 0.006103515625, -0.0027256011962890625, -0.00754547119140625, -0.018707275390625, -0.018646240234375, -0.01200103759765625, -6.490945816040039e-05, 0.0018253326416015625, 0.0003688335418701172, -0.02044677734375, -0.0012874603271484375, 0.0205535888671875, 0.005413055419921875, -0.00243377685546875, 0.0086669921875, -0.0145111083984375, -0.013214111328125, -0.0193634033203125, 0.01074981689453125, 0.0142669677734375, -0.0232696533203125, -0.0266876220703125, -0.0014734268188476562, -0.016326904296875, -0.0086517333984375, -0.0221405029296875, 0.005390167236328125, -0.0246124267578125, 0.019683837890625, -0.0037841796875, -0.028106689453125, -0.006862640380859375, 0.005126953125, -0.00434112548828125, 0.0020294189453125, -0.0093536376953125, 0.0282135009765625, 0.01494598388671875, 0.0158233642578125, -0.004459381103515625, -0.007221221923828125, 0.0186004638671875, 0.0271148681640625, -0.001682281494140625, -0.0108489990234375, -0.0002796649932861328, 0.00927734375, 0.003875732421875, -0.0281982421875, 0.01207733154296875, 0.0115203857421875, 0.02313232421875, 0.026580810546875, 0.0174713134765625, 0.0007634162902832031, -0.0105133056640625, -0.01357269287109375, 0.01044464111328125, 0.00937652587890625, -0.0040740966796875, 0.003360748291015625, 0.0208282470703125, -0.03790283203125, -0.01439666748046875, 0.023162841796875, 0.00357818603515625, -0.0068359375, 0.004276275634765625, -0.0115966796875, 0.013519287109375, -0.01422119140625, 0.013153076171875, -0.0176544189453125, -0.00371551513671875, 0.0055084228515625, -0.004802703857421875, -0.00843048095703125, -0.002834320068359375, -0.020965576171875, -0.0078277587890625, -0.00614166259765625, -0.00867462158203125, 0.0009784698486328125, -0.006999969482421875, 0.0027923583984375, 0.0241241455078125, -0.005321502685546875, 0.0287933349609375, -0.01239013671875, 0.007091522216796875, 0.0099639892578125, 0.01806640625, 0.006015777587890625, 0.011749267578125, -0.035980224609375, -0.001483917236328125, -0.0013933181762695312, 0.0082855224609375, 0.0244598388671875, 0.01015472412109375, 0.0162353515625, 0.007564544677734375, -0.01157379150390625, -0.029632568359375, -0.020782470703125, 0.0230560302734375, -0.00727081298828125, 0.0176239013671875, 0.01235198974609375, -0.0018711090087890625, -0.0095977783203125, 0.022003173828125, 0.0138092041015625, -0.00415802001953125, -0.0179901123046875, -0.003841400146484375, -0.017547607421875, 0.007534027099609375, -0.007328033447265625, -0.00803375244140625, 0.003936767578125, -0.0037841796875, 0.005809783935546875, -0.011871337890625, 0.0268402099609375, -0.0223846435546875, 0.01009368896484375, -0.0170135498046875, -0.018585205078125, -0.03509521484375, 0.035736083984375, 0.0155181884765625, -0.0187835693359375, 0.00870513916015625, 0.0177764892578125, -0.0016889572143554688, -0.0050506591796875, -0.005462646484375, 0.01055908203125, -0.00044846534729003906, -0.0110626220703125, -0.01175689697265625, -0.0123138427734375, -0.0015316009521484375, -0.018829345703125, -0.00643157958984375, 0.0213775634765625, 0.01035308837890625, -0.010009765625, 0.006366729736328125, 0.004299163818359375, -0.0107421875, 0.0185546875, -0.00787353515625, 0.004184722900390625, -0.004062652587890625, -0.00536346435546875, -0.0042877197265625, -0.00763702392578125, -0.0217437744140625, -0.022552490234375, -0.040679931640625, 0.011688232421875, -0.0173797607421875, -0.01184844970703125, 0.0200347900390625, -0.0076446533203125, 0.0029277801513671875, 0.0213165283203125, -0.003360748291015625, -0.00395965576171875, 0.00034499168395996094, 0.0183868408203125, 0.006786346435546875, 0.0069732666015625, 0.010589599609375, 0.01050567626953125, 0.007488250732421875, 0.0169219970703125, -0.0051116943359375, 0.00255584716796875, 0.00354766845703125, -0.00604248046875, 0.002532958984375, 0.020294189453125, 0.0053253173828125, -0.0040130615234375, 0.00559234619140625, -0.00194549560546875, -7.897615432739258e-05, 0.01473236083984375, -0.00446319580078125, -0.01428985595703125, 0.031982421875, 0.0014848709106445312, 0.005161285400390625, -0.01068878173828125, -0.0005779266357421875, 0.013214111328125, -0.013824462890625, -0.016998291015625, 0.00945281982421875, 0.00531768798828125, -0.01568603515625, -0.0005593299865722656, -0.000568389892578125, -0.00685882568359375, -0.0308074951171875, 0.00835418701171875, -0.000499725341796875, 0.0175323486328125, 0.01494598388671875, -0.02191162109375, 0.0130157470703125, -0.0087890625, 0.0303955078125, -0.01910400390625, -0.0014123916625976562, -0.0201416015625, 0.00742340087890625, 0.02191162109375, 0.00771331787109375, 0.00919342041015625, 0.05987548828125, 0.00244903564453125, 0.014892578125, 0.003997802734375, -0.0017852783203125, 0.00707244873046875, -0.01015472412109375, 0.0014896392822265625, -0.004863739013671875, -0.00299072265625, 0.001007080078125, -0.024139404296875, -0.00750732421875, -0.0140533447265625, 0.0018177032470703125, -0.019287109375, 0.01035308837890625, -0.0073699951171875, 0.0110626220703125, 0.01275634765625, 0.01462554931640625, 0.03125, 0.00592041015625, 0.0031642913818359375, -0.00618743896484375, -0.01398468017578125, 0.003589630126953125, -0.056671142578125, 0.01515960693359375, 0.004222869873046875, 0.0033721923828125, -0.00099945068359375, -0.0014495849609375, -0.0060272216796875, -0.006046295166015625, -0.0120697021484375, -0.005615234375, -0.0300750732421875, -0.0017118453979492188, -0.006946563720703125, -0.01212310791015625, 0.04632568359375, 0.00814056396484375, -0.024322509765625, -0.0038661956787109375, 0.0177459716796875, 0.0228729248046875, -0.00574493408203125, 6.085634231567383e-05, -0.0019207000732421875, 0.0179443359375, -0.00397491455078125, 0.00780487060546875, -0.007396697998046875, -0.01018524169921875, 0.0030498504638671875, -0.01861572265625, 0.024322509765625, -0.034912109375, 0.025543212890625, -0.020416259765625, -0.009765625, -0.002391815185546875, 0.002452850341796875, -0.018707275390625, 0.0172271728515625, 0.0016193389892578125, -0.00040149688720703125, -0.01361846923828125, -0.02392578125, 0.026763916015625, -0.01074981689453125, -0.0260009765625, -0.0026531219482421875, 0.005985260009765625, -0.0015420913696289062, 0.00060272216796875, -0.027740478515625, 0.0010166168212890625, 0.0161285400390625, 0.01044464111328125, -0.021453857421875, 0.0249176025390625, -0.00531768798828125, -0.0063323974609375, 0.011199951171875, 0.0218048095703125, 0.01418304443359375, -0.02069091796875, -0.0293731689453125, -0.033203125, -0.02606201171875, -0.01407623291015625, 0.000255584716796875, 0.006011962890625, -0.0011768341064453125, 0.0146942138671875, 0.014068603515625, 0.0112152099609375, -0.01255035400390625, -0.00257110595703125, -0.004802703857421875, -0.006198883056640625, -0.0161590576171875, -0.01378631591796875, -0.00818634033203125, -0.0013799667358398438, -0.00875091552734375, -0.0262908935546875, 0.0005011558532714844, -0.00814056396484375, -0.02001953125, 0.01027679443359375, -0.005153656005859375, -0.006816864013671875, -0.01126861572265625, 0.006305694580078125, -0.0156402587890625, -0.01235198974609375, -0.017791748046875, 0.0186309814453125, 0.01727294921875, 0.0114288330078125, -0.007572174072265625, 0.0026378631591796875, -0.0018243789672851562, 0.0091552734375, -0.0018911361694335938, 0.0265655517578125, -0.00441741943359375, 0.00940704345703125, -0.01445770263671875, -0.016571044921875, 0.009429931640625, -0.01200103759765625, 0.0014705657958984375, -0.00881195068359375, -0.004001617431640625, 0.0022411346435546875, -0.00348663330078125, -0.0115509033203125, -0.0206146240234375, 0.0048828125, 0.00218963623046875, -0.00759124755859375, -0.005092620849609375, -0.0159454345703125, -0.0012426376342773438, -0.02178955078125, 0.00909423828125, -0.0015411376953125, 0.0017290115356445312, -0.00827789306640625, 0.0050048828125, 0.026519775390625, 0.00982666015625, -0.0122528076171875, 0.0088348388671875, -0.006011962890625, 0.0057525634765625, -0.03143310546875, -5.251169204711914e-05, 0.044921875, 0.004528045654296875, -0.0167999267578125, -0.012237548828125, -0.0167236328125, 0.00835418701171875, 0.00914764404296875, 0.0094451904296875, -0.0072479248046875, 0.01438140869140625, 0.000782012939453125, 0.0181884765625, 0.022247314453125, -0.0030231475830078125, 0.00408172607421875, -0.02166748046875, -0.005733489990234375, 0.021270751953125, -0.001277923583984375, 0.0190277099609375, 0.00762176513671875, 0.046112060546875, -0.0172119140625, 0.0103607177734375, -0.0269012451171875, -0.01148223876953125, 0.018463134765625, 0.0240936279296875, -0.0146484375, 0.01288604736328125, -0.00029158592224121094, 0.004741668701171875, 0.00897979736328125, -0.004146575927734375, 0.026031494140625, 0.011962890625, 0.01091766357421875, -0.0126800537109375, 0.01207733154296875, -0.026702880859375, -0.00592803955078125, 0.00492095947265625, 0.01090240478515625, 0.006206512451171875, 0.004398345947265625, 0.019622802734375, 0.008453369140625, -0.0107574462890625, 0.00804901123046875, -0.01462554931640625, 0.0019855499267578125, -0.0174713134765625, 0.00652313232421875, 0.01409912109375, 0.006927490234375, -0.006626129150390625, -0.00440216064453125, 0.006011962890625, -0.03857421875, 0.0035552978515625, -0.0231475830078125, -0.0056610107421875, 0.0221710205078125, 0.0036220550537109375, -0.0127410888671875, 0.0037174224853515625, -0.005458831787109375, 0.00612640380859375, -0.005069732666015625, -0.039459228515625, -0.023651123046875, -0.003681182861328125, -0.0159454345703125, -0.022216796875, -0.0189056396484375, 0.0021266937255859375, 0.007259368896484375, 0.012969970703125, 0.00804901123046875, 0.00970458984375, 0.006866455078125, -0.01068878173828125, -0.002590179443359375, -0.00439453125, -0.0272674560546875, -0.0009522438049316406, 0.009002685546875, 0.01039886474609375, 0.016754150390625, -0.00930023193359375, 0.01302337646484375, -0.01073455810546875, 0.015350341796875, -0.0112457275390625, 0.01145172119140625, 0.02362060546875, -0.01505279541015625, 0.01233673095703125, 0.0166168212890625, -0.0261077880859375, 0.0163726806640625, 0.0032787322998046875, -0.048065185546875, -0.018951416015625, 0.01230621337890625, -0.0014810562133789062, -0.0010709762573242188, 0.0095672607421875, 0.01276397705078125, 0.0102386474609375, -0.0259857177734375, 0.005687713623046875, -0.007099151611328125, -0.0235443115234375, 0.004802703857421875, 0.007595062255859375, -0.005985260009765625, 0.00328826904296875, 0.0066986083984375, -0.00823211669921875, 0.01403045654296875, 0.00463104248046875, -0.0053863525390625, 0.0098724365234375, -0.00479888916015625, 0.021453857421875, -0.0198211669921875, 0.0007128715515136719, 0.01396942138671875, -0.01690673828125, -0.03985595703125, 0.018951416015625, -0.001190185546875, -0.00927734375, 0.0031490325927734375, -0.004199981689453125, -0.00994873046875, 0.01490020751953125, 0.014068603515625, -0.0009927749633789062, 0.0325927734375, 0.01605224609375, -0.004047393798828125, -0.01348876953125, -0.0005469322204589844, 0.00046825408935546875, 0.00533294677734375, 0.006755828857421875, 0.0023288726806640625, 0.022064208984375, -0.0188446044921875, -0.0139923095703125, -0.004947662353515625, -0.0016937255859375, 0.0153656005859375, -0.0382080078125, 0.006450653076171875, 0.004352569580078125, 0.0029754638671875, 0.006374359130859375, 0.01153564453125, -0.0309295654296875, 0.04217529296875, 0.0149078369140625, 0.0198516845703125, 0.00734710693359375, -0.008544921875, 0.0091094970703125, -0.01617431640625, -0.006603240966796875, -0.015869140625, 0.03265380859375, -0.0003275871276855469, -0.0119171142578125, 0.0037689208984375, -0.017822265625, -0.0159912109375, -0.0011472702026367188, -0.01236724853515625, 0.005580902099609375, 0.0242767333984375, -0.0019817352294921875, -0.003322601318359375, 0.009521484375, -0.0035400390625, -0.004726409912109375, 0.003055572509765625, -0.01337432861328125, 0.00894927978515625, 0.00661468505859375, -0.011077880859375, 0.0164642333984375, -0.0236663818359375, -0.001983642578125, -0.0090789794921875, 0.00798797607421875, 0.01471710205078125, -0.004955291748046875, -0.0014581680297851562, -0.0101165771484375, -0.007373809814453125, 0.0372314453125, -0.0011873245239257812, -0.012725830078125, -0.004627227783203125, 0.0118560791015625, 0.0032501220703125, 0.03125, -0.0029010772705078125, -0.007213592529296875, 0.0078277587890625, 0.016143798828125, 0.007518768310546875, -0.001247406005859375, -0.00908660888671875, -0.008087158203125, -0.0008692741394042969, -0.0192108154296875, -0.017730712890625, -0.009765625, 0.0005383491516113281, 0.01221466064453125, -0.00347137451171875, 0.00403594970703125, -0.005828857421875, 0.024810791015625, 0.0024242401123046875, 0.00775146484375, 0.010650634765625, -0.00421142578125, -0.01739501953125, -0.0225830078125, 0.0009136199951171875, 0.0085296630859375, -0.00360107421875, -0.0439453125, 0.00812530517578125, -0.0052032470703125, -0.017425537109375, 0.00921630859375, 0.015869140625, 0.0032958984375, -0.015594482421875, 0.0091552734375, -0.0151214599609375, -0.003047943115234375, -0.004863739013671875, -0.01081085205078125, 0.006381988525390625, -0.0022430419921875, 0.01220703125, 0.00034499168395996094, 0.0220947265625, 0.0021915435791015625, 0.0068359375, 0.0142822265625, -0.01348114013671875, 0.0248870849609375, -0.0111236572265625, -0.07659912109375, -0.005889892578125, -0.0017795562744140625, 0.005344390869140625, -0.021087646484375, 0.052215576171875, -0.04217529296875, 0.006587982177734375, 0.016510009765625, 0.0204010009765625, 0.007564544677734375, 0.0024662017822265625, 0.032440185546875, -0.0003008842468261719, 0.0201416015625, -0.0086822509765625, -0.0203094482421875, -0.0162353515625, -0.0311279296875, 0.004680633544921875, 0.0048828125, -0.00278472900390625, -0.019683837890625, -0.0007352828979492188, 0.0260162353515625, -0.005672454833984375, 0.015350341796875, -0.0108642578125, -0.01129150390625, -0.01453399658203125, -0.007080078125, -0.0004482269287109375, 0.0092010498046875, -0.01355743408203125, 0.0007328987121582031, 0.0223388671875, 0.00511932373046875, -0.0272674560546875, 0.02593994140625, -0.0018396377563476562, 0.006008148193359375, 0.006404876708984375, -0.004604339599609375, 0.0305023193359375, -0.0015277862548828125, -0.0178985595703125, 0.01947021484375, 0.00399017333984375, -0.01543426513671875, 0.01290130615234375, -0.00605010986328125, -0.022430419921875, -0.01276397705078125, -0.01535797119140625, 0.0, 0.010467529296875, 0.00531005859375, -0.01177215576171875, 0.004364013671875, 0.00946044921875, -0.0020465850830078125, -0.0034923553466796875, -0.0004868507385253906, 0.0099639892578125, -0.0015583038330078125, -0.004100799560546875, 0.0253753662109375, 0.0027065277099609375, -0.01543426513671875, 0.0013713836669921875, 0.003055572509765625, -0.0144500732421875, 0.035491943359375, -0.00653839111328125, 0.0205078125, 0.01006317138671875, 0.0049285888671875, 0.00019478797912597656, -0.00263214111328125, -0.0172119140625, -0.0013113021850585938, -0.00635528564453125, -0.0272674560546875, -0.034759521484375, -0.011566162109375, 0.007080078125, -0.005279541015625, -0.00800323486328125, 0.0041656494140625, 0.004772186279296875, -0.0164642333984375, 0.0141448974609375, 0.0228729248046875, 0.00713348388671875, -0.00707244873046875, 8.64863395690918e-05, 0.005924224853515625, 1.722574234008789e-05, -0.0036067962646484375, -0.01050567626953125, 0.002208709716796875, 0.0110931396484375, -0.00774383544921875, -0.002933502197265625, -0.003910064697265625, -0.01303863525390625, 0.0274810791015625, 0.0079803466796875, -0.02203369140625, 0.01132965087890625, 0.0193939208984375, -0.012237548828125, -0.004367828369140625, 0.0714111328125, 0.01078033447265625, -0.0295562744140625, -0.0184173583984375, -0.011688232421875, 0.017913818359375, 0.01003265380859375, -0.0007882118225097656, 0.0015306472778320312, 0.006763458251953125, -0.00262451171875, 0.022430419921875, -0.007694244384765625, -0.0085906982421875, -0.0082550048828125, 0.0169525146484375, 0.01348876953125, -0.0153045654296875, -0.006313323974609375, -0.0014753341674804688, 0.004817962646484375, -0.005733489990234375, -0.0100250244140625, -0.0018529891967773438, -0.0235137939453125, -0.0093536376953125, 0.006160736083984375, -0.01861572265625, 0.011444091796875, 0.0112762451171875, 0.00243377685546875, 0.0202178955078125, -1.9311904907226562e-05, 0.0462646484375, -0.0035552978515625, -0.005096435546875, 0.02484130859375, 0.005756378173828125, -0.0204620361328125, -0.0154876708984375, 0.0164947509765625, 0.0008206367492675781, 0.005767822265625, 0.007427215576171875, 0.01495361328125, 0.0018396377563476562, 0.017730712890625, -0.0055389404296875, -0.0133514404296875, 0.020751953125, -0.01206207275390625, -0.0082855224609375, -0.0037174224853515625, -0.0171356201171875, 2.4139881134033203e-05, 0.016845703125, -0.02606201171875, 0.0222930908203125, 0.019866943359375, 0.018707275390625, 0.0199127197265625, -0.006397247314453125, -0.01611328125, 0.0120849609375, -0.00272369384765625, -0.003887176513671875, 0.007251739501953125, -0.0021419525146484375, -0.015777587890625, 0.00887298583984375, 0.01195526123046875, 0.0118560791015625, -0.0138397216796875, -0.0155029296875, 0.0156707763671875, 0.01287078857421875, 0.0007910728454589844, 0.00969696044921875, 0.0007333755493164062, 0.0029888153076171875, -0.0022029876708984375, -0.01593017578125, -0.009368896484375, -0.0311279296875, -0.004169464111328125, -9.441375732421875e-05, -0.0204620361328125, -0.0247650146484375, 0.0177764892578125, -0.0045166015625, -0.011077880859375, 0.005817413330078125, -0.00791168212890625, -0.00838470458984375, 0.0343017578125, -0.005924224853515625, 0.0002913475036621094, 0.0123291015625, 0.0011997222900390625, 0.0189208984375, -0.00894927978515625, -0.0169219970703125, 0.007518768310546875, 0.00783538818359375, -0.01146697998046875, 0.004669189453125, 0.01221466064453125, -0.0193328857421875, 0.01503753662109375, -0.0034923553466796875, 0.0122833251953125, -0.003879547119140625, 0.0279998779296875, 0.0197601318359375, 0.01026153564453125, -0.0105743408203125, 0.01334381103515625, 0.01354217529296875, 0.017974853515625, 0.006893157958984375, -0.0266571044921875, 0.0015516281127929688, -0.006481170654296875, 0.0100860595703125, -0.007732391357421875, 0.0244293212890625, -0.01678466796875, -0.0033664703369140625, -0.0033206939697265625, -0.0013904571533203125, 0.0019702911376953125, 0.01464080810546875, 0.00682830810546875, 0.006595611572265625, -0.02276611328125, 0.0081634521484375, 0.0138702392578125, 0.0203857421875, -0.013580322265625, 0.00858306884765625, 0.002197265625, -0.00438690185546875, 0.018829345703125, -0.0160980224609375, -0.02001953125, 0.017364501953125, 0.0023746490478515625, -0.007572174072265625, 0.00731658935546875, 0.017822265625, -0.004467010498046875, 0.00830841064453125, -0.00439453125, 0.00542449951171875, 0.0108795166015625, -0.003993988037109375, 0.0032901763916015625, -0.0034923553466796875, -0.01334381103515625, 0.00562286376953125, -0.0002968311309814453, -0.004520416259765625, 0.04803466796875, 0.01513671875, 0.0099639892578125, -0.0079803466796875, 0.007366180419921875, -0.0029392242431640625, 0.0018157958984375, 0.0038318634033203125, 0.0030193328857421875, -0.024017333984375, 0.031829833984375, 0.005741119384765625, -0.016845703125, 0.007568359375, -0.0052947998046875, 0.0099639892578125, 0.001270294189453125, -0.00960540771484375, 0.002902984619140625, 0.00449371337890625, 0.0113525390625, -0.017425537109375, 0.0210723876953125, 0.0014190673828125, -0.001873016357421875, -0.0122833251953125, 0.0201568603515625, 0.0013790130615234375, -0.01447296142578125, 0.0122222900390625, 0.01082611083984375, 0.031097412109375, -0.018280029296875, 0.0035037994384765625, 0.0014705657958984375, 0.010894775390625, -0.0176849365234375, -0.0214080810546875, -0.0046844482421875, -0.012237548828125, 0.01418304443359375, -0.0056915283203125, 0.00637054443359375, -0.018768310546875, -0.0305023193359375, 0.0167388916015625]
2	1	10009	On the morning the boxes arrived, the street outsi	[0.016754150390625, -0.011199951171875, -0.004108428955078125, 0.0022258758544921875, -0.01155853271484375, 0.0257415771484375, -0.011749267578125, 0.0299835205078125, -0.0031147003173828125, 0.0129852294921875, -0.0377197265625, -0.0006785392761230469, 0.030029296875, -0.007701873779296875, -0.02227783203125, 0.022369384765625, 0.02374267578125, -0.0020465850830078125, 0.01446533203125, 0.06390380859375, -0.0049285888671875, 0.06561279296875, -0.0100860595703125, -0.0183868408203125, 0.0009660720825195312, -0.0143890380859375, 0.00693511962890625, 0.00848388671875, -0.0224151611328125, 0.032135009765625, 0.020721435546875, 0.013763427734375, 0.0109710693359375, 0.005558013916015625, -0.02587890625, 0.0076446533203125, -0.015228271484375, 0.006099700927734375, 0.005626678466796875, -0.0162811279296875, -0.01065826416015625, 0.025726318359375, 0.005645751953125, 0.00473785400390625, -0.01898193359375, 0.0037860870361328125, 0.005340576171875, -0.01509857177734375, 0.00611114501953125, -0.0168914794921875, -0.0158843994140625, -0.0281829833984375, 0.0243377685546875, -0.01288604736328125, 0.00952911376953125, 0.005863189697265625, -0.0181121826171875, 0.0173797607421875, -0.0244903564453125, 0.01410675048828125, -0.0269927978515625, 0.01763916015625, -0.002407073974609375, -0.0027751922607421875, 0.0008778572082519531, 0.0007076263427734375, 0.0093841552734375, -0.01019287109375, 0.014556884765625, 0.0063629150390625, -0.0033550262451171875, 0.0055999755859375, 0.00620269775390625, 0.0289154052734375, -0.002063751220703125, 0.0173187255859375, -0.026947021484375, -0.007099151611328125, -0.00925445556640625, 0.0155487060546875, 0.00847625732421875, 0.0189208984375, -0.022491455078125, 0.01184844970703125, 0.025299072265625, 0.0116424560546875, 0.0256195068359375, -0.0025177001953125, 0.00933837890625, 0.0114593505859375, -0.0168914794921875, 0.01039886474609375, 0.003955841064453125, 0.0201873779296875, 0.0248260498046875, -0.0052490234375, -0.0142822265625, 0.00814056396484375, -0.0173492431640625, 0.0184783935546875, 0.009918212890625, -0.01393890380859375, -0.0206451416015625, -0.01369476318359375, -0.004451751708984375, 0.00580596923828125, -0.0321044921875, -0.005954742431640625, 0.01363372802734375, -0.017425537109375, -0.0032253265380859375, 0.01320648193359375, 0.0220794677734375, 0.00482177734375, -0.0021038055419921875, 0.0156402587890625, 0.0207366943359375, 0.0272369384765625, 0.0089111328125, 0.0236968994140625, -0.0119781494140625, -0.0019073486328125, 0.01131439208984375, 0.00508880615234375, 0.024444580078125, -0.01194000244140625, -0.0181427001953125, 0.007244110107421875, 0.01247406005859375, 0.00972747802734375, -0.014007568359375, -0.03369140625, -0.00388336181640625, -0.01126861572265625, -0.01416778564453125, -0.0035305023193359375, -0.0027294158935546875, -0.005352020263671875, -0.033721923828125, 0.0016965866088867188, -0.0111083984375, 0.0377197265625, 0.01189422607421875, 0.0067596435546875, -0.01476287841796875, 0.0273284912109375, 0.009613037109375, 0.00848388671875, 0.027862548828125, -0.013427734375, 0.020721435546875, -0.00839996337890625, -0.00775146484375, -0.005344390869140625, 0.0170135498046875, 0.011322021484375, 0.019317626953125, 0.003894805908203125, 0.0164794921875, 0.01477813720703125, 0.01031494140625, 0.009185791015625, 0.01358795166015625, -0.00803375244140625, 0.01512908935546875, -0.01300048828125, -0.01531219482421875, -0.01058197021484375, 0.02142333984375, -0.0229644775390625, -0.000812530517578125, 0.007175445556640625, 0.04083251953125, 0.010986328125, 0.0207366943359375, -0.01849365234375, 0.0124664306640625, -3.319978713989258e-05, -0.01763916015625, 0.0046234130859375, 0.0188751220703125, 0.01064300537109375, 0.0013513565063476562, 0.0076446533203125, 0.00908660888671875, 0.01520538330078125, -0.00792694091796875, -0.00016057491302490234, -0.026092529296875, 0.0038433074951171875, -0.00894927978515625, 0.00826263427734375, -0.002147674560546875, 0.002712249755859375, -0.004787445068359375, 0.01360321044921875, 0.0091552734375, -0.006622314453125, -0.006855010986328125, 0.005382537841796875, 0.0252532958984375, -0.003940582275390625, 0.0086212158203125, 0.026519775390625, -0.013519287109375, 0.00019538402557373047, -0.01690673828125, -0.0078887939453125, -0.00836181640625, -0.0181884765625, 0.0179290771484375, -0.00832366943359375, 0.0009946823120117188, 0.0037288665771484375, 0.0015411376953125, 0.011749267578125, -0.00792694091796875, -0.006778717041015625, -0.0247039794921875, -0.00418853759765625, 0.01515960693359375, 0.004856109619140625, -0.0046234130859375, 0.0073699951171875, -0.0243682861328125, -0.0120697021484375, -0.004405975341796875, 0.00936126708984375, 0.005558013916015625, 0.002838134765625, 0.00621795654296875, -0.008453369140625, -0.004550933837890625, -0.0089263916015625, 0.0190582275390625, 0.0074005126953125, 0.01328277587890625, 0.017669677734375, -0.01352691650390625, 0.00789642333984375, 0.00656890869140625, 0.00749969482421875, -0.01050567626953125, -0.01242828369140625, 0.0226898193359375, 0.000591278076171875, -0.03277587890625, -0.0277099609375, 0.06298828125, -0.0034809112548828125, -0.0285491943359375, -0.0289459228515625, 0.0113525390625, -0.002777099609375, 0.0031719207763671875, -0.00047588348388671875, 0.0047454833984375, -0.01776123046875, 0.0006093978881835938, 0.011138916015625, -0.016204833984375, 0.01444244384765625, -0.0113983154296875, 0.00716400146484375, 0.0136871337890625, -0.0004038810729980469, -0.0246429443359375, -0.033721923828125, -0.024749755859375, -0.006107330322265625, -0.004329681396484375, 0.0010395050048828125, -0.02960205078125, -0.010528564453125, -0.0005893707275390625, 0.0181427001953125, 0.002170562744140625, -0.02532958984375, 0.00946044921875, 0.00864410400390625, 0.010101318359375, -0.0025310516357421875, 0.00704193115234375, -0.0322265625, 0.0018396377563476562, -0.00041675567626953125, 0.005115509033203125, 0.0052032470703125, -0.004917144775390625, -0.0160064697265625, 0.020233154296875, -0.00933837890625, -0.0036106109619140625, 0.0223236083984375, -0.0015783309936523438, 0.0181884765625, -0.02752685546875, -0.014617919921875, 0.0201263427734375, 0.01464080810546875, -0.0161285400390625, 0.01474761962890625, -0.01141357421875, -0.007564544677734375, -0.01509857177734375, 0.0105133056640625, -0.017822265625, 0.003009796142578125, 0.032806396484375, -0.00289154052734375, -0.0012884140014648438, -0.01042938232421875, 0.01776123046875, -0.0180511474609375, 0.01006317138671875, -0.01203155517578125, -0.014892578125, 0.037139892578125, -0.027252197265625, 0.01056671142578125, -0.01324462890625, -0.00153350830078125, -0.02398681640625, -0.0034122467041015625, 0.00039386749267578125, 0.0166778564453125, -0.030914306640625, -0.0015010833740234375, -0.002964019775390625, -0.0009188652038574219, 0.006805419921875, -0.023895263671875, -0.0136566162109375, -0.0004622936248779297, -0.0272064208984375, -0.0006728172302246094, 0.0026111602783203125, -0.007244110107421875, 0.0330810546875, 0.003917694091796875, 0.0184326171875, 0.001087188720703125, 0.0280609130859375, 0.0109100341796875, 0.0008883476257324219, 0.000911712646484375, -0.002410888671875, -0.00780487060546875, 0.003948211669921875, -0.00371551513671875, 0.00624847412109375, -0.01003265380859375, -0.0041656494140625, 0.00797271728515625, -0.002025604248046875, 0.02130126953125, -0.011566162109375, -0.006511688232421875, 0.0062255859375, -0.022674560546875, -0.0213165283203125, 0.006313323974609375, 0.0036525726318359375, 0.0014600753784179688, 0.0401611328125, 0.0259552001953125, -0.0006608963012695312, -0.0297393798828125, -0.025543212890625, -0.006641387939453125, -0.0005364418029785156, 0.0175018310546875, -0.019317626953125, 0.00914764404296875, 0.0152435302734375, 0.006900787353515625, -0.0016345977783203125, -0.0252685546875, -0.00787353515625, -0.00507354736328125, 0.00954437255859375, -0.060760498046875, -0.0004324913024902344, -0.00333404541015625, -0.00962066650390625, 0.0168304443359375, -0.00467681884765625, -0.01015472412109375, 0.006977081298828125, 0.0009813308715820312, 0.0009169578552246094, -0.00998687744140625, -0.032318115234375, 0.01535797119140625, -0.00662994384765625, 0.0139923095703125, 0.0242767333984375, -0.0084991455078125, -0.021087646484375, -0.02264404296875, 0.01172637939453125, 0.00732421875, 0.01611328125, 0.00482177734375, -0.0164794921875, 0.021484375, 0.015106201171875, -0.003696441650390625, 0.00872802734375, 0.00710296630859375, 0.00963592529296875, -0.01025390625, 0.01432037353515625, -0.01800537109375, 0.0179595947265625, 0.01198577880859375, 0.0249176025390625, -0.004955291748046875, -0.01202392578125, -0.0205230712890625, -0.0158538818359375, -0.005908966064453125, 0.00798797607421875, 0.00431060791015625, -0.0208282470703125, 0.005153656005859375, -0.0037784576416015625, 0.019744873046875, 0.0244140625, 0.00827789306640625, -0.01085662841796875, 0.0206756591796875, 0.0687255859375, -0.01202392578125, -0.0042877197265625, -0.04437255859375, 0.01209259033203125, 0.0165252685546875, 0.01045989990234375, 0.00015997886657714844, 0.01983642578125, -0.000576019287109375, 0.00432586669921875, 0.0254364013671875, 0.0061187744140625, -0.00760650634765625, -0.015869140625, -0.00818634033203125, -0.0013885498046875, 0.0139617919921875, -0.038360595703125, -0.004924774169921875, -0.00829315185546875, -0.0014200210571289062, -0.02728271484375, 0.018829345703125, 0.004413604736328125, 0.01146697998046875, 0.01288604736328125, -0.0010328292846679688, 0.0215606689453125, -0.034332275390625, 0.005680084228515625, -0.0020732879638671875, 0.0008416175842285156, 0.006725311279296875, 0.044647216796875, 0.0177154541015625, -0.039825439453125, -0.01336669921875, -0.0229949951171875, -0.01251983642578125, -0.00461578369140625, 0.0038089752197265625, -0.0138092041015625, 0.0015592575073242188, -0.00664520263671875, 0.0028362274169921875, 0.0193634033203125, -0.004192352294921875, -0.025970458984375, -0.0261383056640625, -0.01279449462890625, -0.00988006591796875, 0.01372528076171875, 0.02362060546875, 0.003337860107421875, 0.002506256103515625, -0.02685546875, 0.02679443359375, 0.005275726318359375, -0.0018978118896484375, 0.01451873779296875, -0.00527191162109375, -0.004627227783203125, -0.012542724609375, 0.0234222412109375, -0.00891876220703125, -0.0025272369384765625, -0.0005021095275878906, -0.00759124755859375, -0.0011806488037109375, 0.0136566162109375, -0.006847381591796875, -0.0294036865234375, -0.0179595947265625, 0.018646240234375, 0.00873565673828125, -0.01514434814453125, -0.01593017578125, 0.02197265625, -0.005817413330078125, -0.019561767578125, -0.0137939453125, 0.0037364959716796875, -0.0062713623046875, 0.01082611083984375, 0.0077056884765625, 0.0162506103515625, 0.0191802978515625, -0.0243072509765625, -0.00658416748046875, -0.005458831787109375, -0.00594329833984375, 0.026336669921875, 0.0140533447265625, -0.00730133056640625, 0.0022144317626953125, -0.01032257080078125, 0.0099945068359375, -0.0016031265258789062, 0.00897216796875, -0.00458526611328125, 0.009246826171875, -0.0005898475646972656, -0.0154571533203125, -0.011474609375, 0.013885498046875, -0.00989532470703125, 0.0163421630859375, 0.00484466552734375, 0.01261138916015625, 0.00507354736328125, -0.0158843994140625, 0.00012218952178955078, 0.015594482421875, -0.0021953582763671875, -0.02081298828125, -0.006725311279296875, 0.0287017822265625, 0.01482391357421875, 0.0106048583984375, 0.08563232421875, -0.00917816162109375, 0.015838623046875, -0.0050811767578125, -0.0022869110107421875, 0.03118896484375, -0.001983642578125, 0.006351470947265625, -0.00994110107421875, -0.006427764892578125, 0.006900787353515625, -0.0196990966796875, -0.0248260498046875, -0.035400390625, 0.00647735595703125, 0.0025272369384765625, 0.00829315185546875, -0.005542755126953125, -0.006130218505859375, -0.007457733154296875, -0.01137542724609375, 0.00165557861328125, -0.00870513916015625, 0.00018775463104248047, 0.00461578369140625, -0.003757476806640625, -0.01508331298828125, 0.015350341796875, 0.0251922607421875, 0.0004153251647949219, 0.01873779296875, -0.0227203369140625, 0.00909423828125, -0.0261993408203125, 0.024932861328125, -0.03240966796875, -0.0180511474609375, -0.0158538818359375, 0.0107269287109375, -0.0254364013671875, -0.01082611083984375, -0.00666046142578125, -0.0258636474609375, -0.017425537109375, -0.01457977294921875, -0.0296478271484375, 0.0124969482421875, 0.01470947265625, 0.01287078857421875, -0.032806396484375, -0.0010986328125, 0.005863189697265625, 0.0175018310546875, 0.00836181640625, 0.00634002685546875, -0.02984619140625, -0.0016841888427734375, -0.00292205810546875, 0.0140533447265625, 0.0224151611328125, 0.00864410400390625, 0.0017452239990234375, 0.00859832763671875, 0.01184844970703125, 0.011260986328125, -0.009918212890625, -0.00556182861328125, 0.018768310546875, -0.00032901763916015625, -0.0058746337890625, 0.01377105712890625, 0.00766754150390625, -0.0092926025390625, 0.01078033447265625, 0.007659912109375, 0.0124359130859375, -0.0200653076171875, -0.00507354736328125, -0.004901885986328125, 0.005077362060546875, 0.0007729530334472656, -0.024169921875, -0.0199432373046875, -6.258487701416016e-05, 0.004749298095703125, -0.0006051063537597656, -0.00460052490234375, 0.0114288330078125, 0.0318603515625, -0.01678466796875, -0.01236724853515625, 0.024169921875, -0.0159759521484375, 0.01479339599609375, 0.033416748046875, 0.016326904296875, 0.0046539306640625, 0.0009527206420898438, 0.014617919921875, 0.0146331787109375, 0.00689697265625, 0.027801513671875, 0.0111236572265625, -0.022216796875, 0.0184326171875, 0.002216339111328125, -0.0238800048828125, -0.0162506103515625, -0.008941650390625, -0.001922607421875, 0.01282501220703125, -0.00833892822265625, 0.00799560546875, -0.00164031982421875, 0.003360748291015625, 0.0033473968505859375, 0.008758544921875, 0.010589599609375, -0.021026611328125, -0.0084381103515625, 0.0002218484878540039, 0.006122589111328125, 0.0252227783203125, -0.003360748291015625, 0.01210784912109375, 0.0093994140625, -0.0227813720703125, -0.0107269287109375, -0.0079498291015625, 0.0009889602661132812, -0.0169830322265625, -0.00998687744140625, 0.013885498046875, -0.00818634033203125, -0.012359619140625, 0.0200958251953125, -0.0022678375244140625, -0.00555419921875, -0.007358551025390625, -0.0042877197265625, 0.015899658203125, -0.003841400146484375, 0.02886962890625, 0.0006299018859863281, -0.0178985595703125, -0.01641845703125, 0.037811279296875, 0.0202789306640625, 0.00937652587890625, -0.00731658935546875, -0.007030487060546875, -0.01306915283203125, -0.004161834716796875, 0.025726318359375, 0.00444793701171875, -0.005859375, 0.00424957275390625, 0.0037021636962890625, -0.01849365234375, 0.009918212890625, 0.01470947265625, 0.0121307373046875, 0.0, -0.0306549072265625, 0.039276123046875, 0.00792694091796875, -0.0190582275390625, -0.0167083740234375, 0.0509033203125, 0.019195556640625, 0.020904541015625, 0.0007319450378417969, 0.0030002593994140625, -0.004711151123046875, -0.07586669921875, 0.018096923828125, 0.0384521484375, 0.022796630859375, -0.0250701904296875, 0.00579833984375, 0.00705718994140625, 0.0106964111328125, -0.0090179443359375, 0.004688262939453125, 0.024139404296875, 0.0057525634765625, 0.01396942138671875, -0.01483917236328125, -0.0035533905029296875, -0.0198211669921875, -0.01187896728515625, 0.0011463165283203125, -0.007602691650390625, -0.006031036376953125, 0.008392333984375, 0.026275634765625, -0.0014247894287109375, 0.02716064453125, 0.0165863037109375, 0.00926971435546875, -0.0286865234375, -0.01087188720703125, 0.0215606689453125, 0.0029296875, -0.0073089599609375, 0.006313323974609375, 0.005481719970703125, -0.01360321044921875, -0.0006289482116699219, 0.01171112060546875, -0.04229736328125, -0.0276336669921875, 0.00316619873046875, -0.0164031982421875, 0.010040283203125, 0.02154541015625, 0.02288818359375, -0.01474761962890625, -0.00567626953125, -0.00946807861328125, -0.00818634033203125, 0.01195526123046875, 0.0174102783203125, 0.0124359130859375, 0.00363922119140625, 0.018463134765625, -0.028472900390625, 0.004199981689453125, -0.0091705322265625, 0.00983428955078125, 0.0286712646484375, -0.0064239501953125, -0.0239410400390625, -0.01708984375, -0.00689697265625, -0.03533935546875, -0.00847625732421875, 0.01450347900390625, -0.006305694580078125, 0.00719451904296875, 0.0007433891296386719, 0.00865936279296875, 0.00809478759765625, 0.0105133056640625, 0.0144195556640625, -0.019683837890625, -0.01461029052734375, 0.0155029296875, -0.0106658935546875, 0.0103607177734375, 0.0111846923828125, 0.005634307861328125, -0.0203704833984375, 0.0210418701171875, 0.01076507568359375, -0.0023136138916015625, 0.01210784912109375, -0.0174713134765625, 0.00323486328125, 0.00030517578125, -0.0157470703125, 0.03466796875, 0.0197296142578125, -0.0025348663330078125, 0.003810882568359375, -0.01433563232421875, 0.0055694580078125, 0.00994110107421875, -0.003116607666015625, 0.0084075927734375, 0.01091766357421875, 0.0302581787109375, 0.00025534629821777344, 0.00527191162109375, -0.0007185935974121094, 0.0214080810546875, 0.0235748291015625, -0.0011119842529296875, -0.007781982421875, -0.00455474853515625, -0.0175628662109375, 0.00453948974609375, -0.0077667236328125, 0.0010585784912109375, 0.00351715087890625, -0.0064544677734375, -0.0200653076171875, -0.0017538070678710938, 0.0033855438232421875, -0.03228759765625, 0.004573822021484375, -0.0180816650390625, 0.008331298828125, 0.0259857177734375, 0.01189422607421875, 0.0111083984375, -0.0119476318359375, -0.014678955078125, 0.0276336669921875, -0.01033782958984375, 0.0168609619140625, -0.0025463104248046875, 0.0011911392211914062, 0.0206146240234375, 0.0290069580078125, 0.002777099609375, 0.017852783203125, 0.0287017822265625, 0.004276275634765625, -0.005069732666015625, 0.020172119140625, -0.0016307830810546875, 0.019775390625, 0.013824462890625, -0.0134429931640625, 0.0164947509765625, -0.0141143798828125, -0.0120391845703125, 0.0017604827880859375, 0.00820159912109375, -0.0085601806640625, -0.015777587890625, -0.0087432861328125, 0.0028533935546875, -0.0369873046875, 0.01302337646484375, 0.01727294921875, -0.0262451171875, 0.0098419189453125, 0.0010089874267578125, -0.005176544189453125, 0.007472991943359375, -0.003627777099609375, 0.00478363037109375, 0.0125732421875, -0.00841522216796875, -0.0006618499755859375, 0.005596160888671875, 0.015411376953125, 0.007598876953125, -0.02001953125, 0.0142059326171875, 0.00650787353515625, 0.01099395751953125, -0.041595458984375, 0.0011663436889648438, -0.00672149658203125, -0.0089569091796875, 0.0026111602783203125, 0.014556884765625, -0.00583648681640625, 0.0022296905517578125, -0.00443267822265625, 0.021636962890625, -0.0057220458984375, -0.031494140625, 0.0008721351623535156, -0.011871337890625, -0.005298614501953125, -0.00777435302734375, 0.00689697265625, 3.463029861450195e-05, -0.016204833984375, -0.00457763671875, 0.0022373199462890625, -0.01485443115234375, 0.0037479400634765625, -0.0185394287109375, 0.003749847412109375, 0.00417327880859375, 0.0099639892578125, -0.00543212890625, 0.01004791259765625, 0.00452423095703125, 0.017425537109375, 0.0206451416015625, -0.00405120849609375, -0.005229949951171875, -0.02032470703125, 0.0060577392578125, -0.0116119384765625, 0.007167816162109375, 0.0017633438110351562, -0.01261138916015625, 0.0208740234375, 0.0172119140625, 0.00016045570373535156, 0.00829315185546875, -0.0027484893798828125, -0.0094757080078125, -0.0129241943359375, -0.022857666015625, -0.015472412109375, -0.005359649658203125, 0.004123687744140625, -0.00099945068359375, -0.00981903076171875, -0.01093292236328125, -0.00677490234375, -0.009552001953125, -0.006023406982421875, 0.00339508056640625, 0.0182952880859375, -0.00640869140625, -0.002780914306640625, 0.0166473388671875, 0.0042266845703125, 0.0032939910888671875, 0.0038509368896484375, 0.006404876708984375, 0.0247344970703125, -0.003879547119140625, 0.005542755126953125, -0.004932403564453125, -0.004947662353515625, 0.01204681396484375, 0.00685882568359375, -0.0008378028869628906, 0.00814056396484375, 0.0083160400390625, -0.0156402587890625, 0.002880096435546875, 0.0179595947265625, -0.00992584228515625, 0.01229095458984375, -0.006862640380859375, -0.0194091796875, -0.007389068603515625, -0.0218963623046875, -0.0302276611328125, 0.003932952880859375, 0.035736083984375, 0.0169677734375, 0.017425537109375, -0.00823974609375, 0.0024261474609375, -0.0308380126953125, 0.09356689453125, -0.0045013427734375, 0.01387786865234375, 0.01261138916015625, 0.00438690185546875, 0.053924560546875, 0.013519287109375, 0.00193023681640625, -0.0078125, -0.02252197265625, -0.0019626617431640625, 0.023406982421875, 0.0027980804443359375, -0.013519287109375, 0.0161590576171875, 0.0162200927734375, -0.0161895751953125, -0.006481170654296875, -0.00470733642578125, 0.006866455078125, -0.0081024169921875, -0.0171051025390625, 0.0009102821350097656, 0.005451202392578125, 0.00933837890625, -0.0033245086669921875, -0.0164794921875, -0.01262664794921875, 0.0169830322265625, -0.01245880126953125, -0.0050506591796875, 0.003032684326171875, -0.0202178955078125, 0.0006594657897949219, 0.0195159912109375, -0.0030765533447265625, 0.00585174560546875, 0.01412200927734375, -0.033905029296875, 0.0258026123046875, 0.01381683349609375, 0.005092620849609375, 0.031707763671875, 0.0009183883666992188, -0.0086822509765625, -0.005168914794921875, 0.003871917724609375, 0.0009093284606933594, -0.010711669921875, -0.004535675048828125, -0.00891876220703125, 0.00980377197265625, 0.01062774658203125, 0.00533294677734375, -0.010711669921875, -0.00739288330078125, -0.01016998291015625, -0.0006732940673828125, 0.0167999267578125, -0.0088653564453125, -0.0024242401123046875, -0.006580352783203125, -0.0027599334716796875, -0.0034236907958984375, -0.0090179443359375, -0.0015668869018554688, -0.004901885986328125, -0.0330810546875, 0.019805908203125, -0.00966644287109375, -0.007640838623046875, -0.007434844970703125, -0.007450103759765625, -0.011077880859375, -0.026458740234375, 0.01354217529296875, 0.0008111000061035156, 0.01042938232421875, -0.04620361328125, 0.01500701904296875, 0.0201568603515625, 0.0018510818481445312, 0.02142333984375, -0.007556915283203125, -0.017242431640625, -0.022857666015625, 0.002376556396484375, -0.005718231201171875, -0.0146484375, -0.0013456344604492188, -0.0202178955078125, -0.01068878173828125, -0.010894775390625, -0.01396942138671875, -0.0204925537109375, 0.004764556884765625, -0.005115509033203125, 0.0035572052001953125, 0.01177978515625, 0.02093505859375, -0.0167083740234375, 0.01026153564453125, -0.034149169921875, 0.0201416015625, 0.00893402099609375, -0.0013895034790039062, 0.0171966552734375, -0.0021953582763671875, -0.01439666748046875, 0.0251312255859375, -0.0157470703125, -0.007656097412109375, -0.0205535888671875, -0.0208740234375, -0.016815185546875, -0.0277557373046875, 0.0243988037109375, -0.002902984619140625, 0.01477813720703125, -0.0005311965942382812, -0.01111602783203125, -0.005016326904296875, -0.0022735595703125, 0.03131103515625, 0.0174102783203125, 0.061004638671875, 0.0155181884765625, 0.0178375244140625, -0.0035305023193359375, 0.01230621337890625, 0.01322174072265625, -0.008148193359375, 0.0275726318359375, -0.017608642578125, -0.01678466796875, 0.01483154296875, -0.0038909912109375, 0.0142364501953125, -0.0185089111328125, -0.01239013671875, -0.0086669921875, 0.00823974609375, 0.0303802490234375, -0.0160064697265625, 0.00975799560546875, -0.048675537109375, 0.0111083984375, 0.0234375, 0.01416778564453125, 0.02142333984375, -0.01415252685546875, 0.0118865966796875, 0.0011844635009765625, -0.009552001953125, 0.001705169677734375, -0.0511474609375, 0.00405120849609375, -0.00138092041015625, 0.0024356842041015625, 0.0010652542114257812, -0.0008311271667480469, -0.0142822265625, 0.033050537109375, 0.0184783935546875, 0.0016202926635742188, 0.0028209686279296875, -0.0013027191162109375, 0.004058837890625, -0.0188140869140625, 0.0019817352294921875, 0.033599853515625, 0.01515960693359375, -0.006771087646484375, -0.00220489501953125, 0.024078369140625, -0.006984710693359375, 0.0128631591796875, -0.00989532470703125, 0.01155853271484375, 0.004642486572265625, 0.0013408660888671875, 0.02520751953125, -0.0073394775390625, 0.015899658203125, 0.007053375244140625, -0.0239715576171875, -0.01078033447265625, 0.012451171875, 0.01163482666015625, -0.0276641845703125, 0.00685882568359375, 0.004245758056640625, -0.0257720947265625, 0.00986480712890625, 0.0163116455078125, -0.01383209228515625, -0.003871917724609375, -0.0109710693359375, -0.00730133056640625, 0.009246826171875, -0.00930023193359375, 0.003864288330078125, 0.005298614501953125, 0.01480865478515625, -0.010162353515625, 0.0096282958984375, 0.01062774658203125, 0.007720947265625, -0.0291900634765625, 0.024810791015625, 0.00530242919921875, -0.0214691162109375, 0.003231048583984375, 0.0025634765625, -0.0210418701171875, 0.015716552734375, 0.009613037109375, -0.00262451171875, 0.001537322998046875, 0.01389312744140625, -0.01531982421875, -0.0004029273986816406, -0.01346588134765625, -0.02069091796875, -0.024993896484375, -0.036956787109375, -0.0075225830078125, -0.01043701171875, 0.004993438720703125, -0.01137542724609375, 0.00017535686492919922, 0.0066070556640625, -0.0172576904296875, -0.0308074951171875, 0.0186767578125, 0.0036373138427734375, -0.01068878173828125, -0.017791748046875, 0.00766754150390625, 0.004367828369140625, 0.024383544921875, -0.0131378173828125, -0.07086181640625, -0.0024776458740234375, 0.0027751922607421875, 0.00887298583984375, 0.0178985595703125, -0.010772705078125, -0.0111083984375, -0.006801605224609375, -0.01494598388671875, 0.0007243156433105469, -0.0232391357421875, 0.01288604736328125, 0.006488800048828125, -0.00942230224609375, 0.003337860107421875, 0.01245880126953125, -0.006938934326171875, -0.00414276123046875, 0.0181732177734375, -0.00888824462890625, 0.01502227783203125, 0.0015878677368164062, -0.01377105712890625, -0.0173492431640625, 0.01029205322265625, -0.006412506103515625, -0.0029163360595703125, 0.00112152099609375, -0.0215606689453125, 0.01241302490234375, 0.0165863037109375, 0.0105743408203125, -0.0032501220703125, -0.0080108642578125, 0.01410675048828125, -0.018829345703125, -0.00936126708984375, 0.035797119140625, -0.0220489501953125, 0.0294952392578125, -0.011505126953125, -0.013702392578125, 0.00685882568359375, 0.011444091796875, 0.01052093505859375, -0.01605224609375, 0.0198211669921875, -0.00772857666015625, 0.00337982177734375, -0.0076446533203125, 0.0180816650390625, -0.03271484375, -0.004566192626953125, -0.01439666748046875, 0.01090240478515625, 0.02142333984375, 0.005741119384765625, -0.0012607574462890625, -0.0190582275390625, -0.0035419464111328125, -0.01210784912109375, -0.00940704345703125, 0.00832366943359375, 0.027557373046875, -0.0048370361328125, -0.00811004638671875, 0.0175323486328125, 0.023193359375, 0.04327392578125, 0.008453369140625, 0.00078582763671875, -0.01690673828125, 0.00965118408203125, 0.0016527175903320312, 0.0037517547607421875, -0.0095672607421875, 0.0014467239379882812, -0.004199981689453125, -0.0227203369140625, -0.0082855224609375, -0.006893157958984375, 0.0019168853759765625, -0.008087158203125, -0.002040863037109375, -0.014678955078125, 0.0180816650390625, 0.0025615692138671875, 0.0116119384765625, -0.0006585121154785156, 0.00804901123046875, -0.0038318634033203125, 0.0162353515625, -0.00982666015625, 0.003086090087890625, -0.0018358230590820312, -0.0060577392578125, -0.0038166046142578125, 0.00909423828125, 0.0037555694580078125, -0.0062255859375, 0.03955078125, -0.0018930435180664062, -0.0038280487060546875, -0.017303466796875, -0.0275115966796875, -0.0026226043701171875, 0.01519012451171875, 0.0015430450439453125, 0.017547607421875, -0.023773193359375, 0.00731658935546875, -0.0098876953125, 0.00971221923828125, -0.02850341796875, 0.0162353515625, 0.0208740234375, 0.00893402099609375, -0.006916046142578125, -0.0022335052490234375, -0.035675048828125, 0.01535797119140625, 0.0033130645751953125, -0.0219879150390625, -0.004886627197265625, 0.024200439453125, -0.0008006095886230469, -0.0077972412109375, 0.0127105712890625, -0.004138946533203125, 0.01012420654296875, 0.01128387451171875, 0.0160980224609375, -0.00989532470703125, 0.0197601318359375, -0.007297515869140625, -0.00789642333984375, 0.0162200927734375, -0.0008602142333984375, -0.00016248226165771484, 0.01593017578125, 0.011993408203125, -0.017181396484375, 0.00826263427734375, -0.0235748291015625, 0.02130126953125, -0.0016241073608398438, 0.01256561279296875, 0.01493072509765625, 0.0076446533203125, 0.01338958740234375, 0.01409149169921875, 0.02862548828125, -0.004596710205078125, 0.0187530517578125, 0.002170562744140625, -0.00189971923828125, 0.0105133056640625, 0.01126861572265625, 0.0020008087158203125, 0.046539306640625, -0.01419830322265625, -0.0178985595703125, 0.017181396484375, 0.0232696533203125, 0.003173828125, 0.019378662109375, -0.00901031494140625, -0.0007481575012207031, -0.0160064697265625, -0.00824737548828125, 0.00144195556640625, 0.017242431640625, -0.0060882568359375, -0.0017557144165039062, -0.005214691162109375, 0.0050811767578125, 0.003902435302734375, 0.006183624267578125, -0.0125885009765625, 0.0208740234375, -6.139278411865234e-06, 0.01071929931640625, 0.020050048828125, -0.008148193359375, -0.004428863525390625, -0.01418304443359375, 0.002941131591796875, -0.004993438720703125, 0.005245208740234375, 0.019256591796875, -0.01031494140625, 0.0232391357421875, 0.01238250732421875, 0.020294189453125, -0.01273345947265625, 0.011474609375, 0.000774383544921875, -0.0147857666015625, -0.0159759521484375, 0.008880615234375, 0.01377105712890625, 0.015045166015625, -0.009918212890625, 0.012115478515625, -0.005340576171875, -0.0025348663330078125, -0.0008916854858398438, -0.011322021484375, 0.027130126953125, 8.106231689453125e-06, -0.002803802490234375, 0.017120361328125, 0.10009765625, -0.0147247314453125, -0.0189208984375, 0.0075836181640625, 0.0147247314453125, 0.0034236907958984375, -0.0106048583984375, -0.0179595947265625, 0.004611968994140625, -0.026824951171875, -0.0177154541015625, -0.011962890625, 0.00931549072265625, -0.01068878173828125, -0.032379150390625, 0.0260162353515625, 0.00039696693420410156, 0.01172637939453125, -0.0007843971252441406, -0.01319122314453125, 0.00250244140625, -0.005588531494140625, 0.025115966796875, 0.0198822021484375, -0.0007767677307128906, 0.0047607421875, -0.0030078887939453125, 0.0027523040771484375, 0.01305389404296875, -0.004192352294921875, -0.0009493827819824219, 0.0133209228515625, 0.012847900390625, -0.005397796630859375, -0.03167724609375, -0.01023101806640625, 0.0138397216796875, -0.01233673095703125, -0.00203704833984375, 0.037689208984375, 0.005237579345703125, -0.003993988037109375, 0.00594329833984375, 0.01467132568359375, -0.01629638671875, 0.0011148452758789062, -0.016845703125, -0.006656646728515625, 0.0225067138671875, 0.020172119140625, -0.00931549072265625, 0.00688934326171875, -0.002750396728515625, -0.00518798828125, 0.0099029541015625, 0.0007047653198242188, -0.00989532470703125, 0.0016050338745117188, 0.0105133056640625, 0.00716400146484375, 0.0160675048828125, -0.0305023193359375, -0.0085296630859375, -0.0195465087890625, 0.00017523765563964844, 0.003307342529296875, -0.00217437744140625, 0.0090179443359375, 0.0010213851928710938, -0.01221466064453125, -0.00286865234375, -0.01062774658203125, -0.0008678436279296875, 0.0295867919921875, -0.0020618438720703125, -0.002490997314453125, 0.01537322998046875, -0.0308837890625, -0.027618408203125, 0.002620697021484375, 0.004688262939453125, -0.02044677734375, 0.013519287109375, 0.003162384033203125, 0.0155487060546875, 0.00787353515625, 0.001861572265625, -0.0200042724609375, -0.0152130126953125, 0.021514892578125, -0.0008268356323242188, 0.004467010498046875, 0.0038318634033203125, -0.0013971328735351562, -0.00830841064453125, 0.0019550323486328125, 0.032684326171875, -0.010772705078125, -0.004497528076171875, 0.005931854248046875, -0.01221466064453125, 0.004093170166015625, -0.01204681396484375, 0.01253509521484375, -0.00997161865234375, -0.0171661376953125, 0.0007481575012207031, 0.00850677490234375, 0.0007567405700683594, -0.00560760498046875, -0.006397247314453125, -0.02740478515625, 0.0110015869140625, 0.0158233642578125, -0.024169921875, 0.005615234375, -0.006381988525390625, -0.0006966590881347656, 0.0052642822265625, 0.0029392242431640625, 0.0103912353515625, -0.0039825439453125, 0.0205078125, 0.01412200927734375, 0.0172119140625, 0.0005364418029785156, -0.006618499755859375, -0.01172637939453125, 0.041656494140625, -0.023895263671875, 0.0021686553955078125, -0.01456451416015625, 0.00167083740234375, -0.01433563232421875, -0.0076446533203125, -0.003856658935546875, 0.0022830963134765625, -0.003498077392578125, -0.0042266845703125, -0.0176544189453125, 0.0010042190551757812, -0.010101318359375, 0.0214080810546875, -0.00772857666015625, 0.0286407470703125, 0.003986358642578125, 0.0026035308837890625, -0.02032470703125, -0.0185089111328125, -0.023773193359375, -0.0017080307006835938, -0.0247344970703125, -0.0015201568603515625, -0.013824462890625, 0.00054168701171875, 0.04864501953125, 0.00438690185546875, 0.01080322265625, -0.0018320083618164062, 0.0243988037109375, 0.00595855712890625, -0.00586700439453125, -0.001766204833984375, 0.005889892578125, 0.0106048583984375, 0.033233642578125, 0.0176239013671875, -0.0160980224609375, -0.0211029052734375, -0.00870513916015625, 0.02435302734375, -0.007411956787109375, 0.018890380859375, -0.00919342041015625, -0.0230712890625, -0.016632080078125, 0.005252838134765625, 0.0227203369140625, -0.0036182403564453125, -0.0107574462890625, 0.00524139404296875, -0.0009446144104003906, 0.01214599609375, 0.0012664794921875, 0.018096923828125, 0.0001722574234008789, 0.001087188720703125, -0.01186370849609375, -0.00260162353515625, -0.06158447265625, -0.00897979736328125, 0.0078582763671875, 0.0214080810546875, -0.027191162109375, -0.007404327392578125, 0.015838623046875, 0.029876708984375, 0.005641937255859375, -0.0308837890625, -0.01496124267578125, -0.0294342041015625, 0.003894805908203125, -0.031005859375, 0.006847381591796875, 0.0006580352783203125, -0.00882720947265625, 0.004940032958984375, 0.010284423828125, 0.00994873046875, 0.002071380615234375, -0.0104522705078125, -0.0081939697265625, 0.017333984375, -0.0170135498046875, -0.024688720703125, -0.01074981689453125, -0.032562255859375, 0.0121002197265625, -0.00948333740234375, 0.015106201171875, -0.0178375244140625, 0.00226593017578125, 0.014892578125, -0.00275421142578125, -0.006374359130859375, -0.000522613525390625, 0.0185394287109375, -0.0176849365234375, -0.035675048828125, -0.00977325439453125, 0.011505126953125, 0.006565093994140625, -0.00757598876953125, -0.0164031982421875, -0.002349853515625, 0.0029296875, 0.008056640625, -0.0216827392578125, -0.003337860107421875, 0.0160980224609375, 0.01056671142578125, -0.01123809814453125, -0.016632080078125, -0.00664520263671875, -0.0128326416015625, 0.0005788803100585938, -0.005207061767578125, 0.003147125244140625, -0.0011539459228515625, -0.003246307373046875, -0.016998291015625, -0.0154876708984375, 0.0166778564453125, -0.0013904571533203125, 0.01116943359375, -0.0306549072265625, -0.0189056396484375, -0.043365478515625, 0.005428314208984375, -0.0159759521484375, 0.023651123046875, -0.004688262939453125, 0.0071563720703125, 0.01459503173828125, -0.00617218017578125, -0.00606536865234375, -0.01084136962890625, 0.00983428955078125, 0.005725860595703125, 0.0156097412109375, -0.0099639892578125, 0.00447845458984375, -0.0292510986328125, -0.002933502197265625, 0.041900634765625, 0.0105133056640625, -0.004184722900390625, 0.0008015632629394531, 0.006732940673828125, 0.01131439208984375, 0.00685882568359375, 0.002166748046875, 0.02276611328125, -0.0170745849609375, -0.0007462501525878906, 0.0028514862060546875, 0.002429962158203125, -0.0120697021484375, -0.015045166015625, 0.0171051025390625, 0.00734710693359375, 0.016845703125, -0.01641845703125, -0.0233612060546875, -0.0170745849609375, 0.017120361328125, 0.01126861572265625, 0.01165008544921875, -0.0042572021484375, 0.018218994140625, 0.01107025146484375, 0.0035724639892578125, 0.02142333984375, -0.00795745849609375, -0.01171112060546875, 0.0033740997314453125, 0.0009860992431640625, -0.0021877288818359375, 0.0091705322265625, -0.007007598876953125, -0.015167236328125, -0.0116424560546875, 0.01486968994140625, -0.0252685546875, -0.007904052734375, 0.00878143310546875, -0.005840301513671875, -0.01453399658203125, 0.00811767578125, -0.010589599609375, 0.005184173583984375, -0.0064239501953125, -0.0067596435546875, -0.0209197998046875, 0.034942626953125, 0.01413726806640625, -0.0154571533203125, 0.0305328369140625, -0.00933074951171875, 0.0106658935546875, 1.6987323760986328e-05, -0.033721923828125, -0.0240325927734375, 0.002475738525390625, 0.0004239082336425781, -0.017791748046875, -0.02264404296875, -0.005771636962890625, -0.01021575927734375, 0.021392822265625, -0.00916290283203125, -0.021087646484375, -0.00794219970703125, -0.004150390625, 0.0237579345703125, -0.02459716796875, -0.002223968505859375, -0.00974273681640625, -0.004894256591796875, -0.035308837890625, 0.006862640380859375, -0.015167236328125, 0.0016775131225585938, 0.0209503173828125, 0.01439666748046875, -0.004520416259765625, -0.030853271484375, -0.004749298095703125, 0.0097503662109375, -0.007904052734375, -0.01213836669921875, -0.00026035308837890625, -0.013519287109375, -0.0360107421875, -0.030914306640625, -0.01171875, 0.003101348876953125, -0.001163482666015625, 0.005859375, 0.00033402442932128906, -0.007183074951171875, 0.000335693359375, 0.0046234130859375, 0.0079193115234375, 0.013458251953125, -0.015411376953125, -0.007579803466796875, 0.0085906982421875, -0.00920867919921875, 0.0020732879638671875, 0.004924774169921875, -0.0009222030639648438, -0.00030231475830078125, 0.0018062591552734375, 0.004344940185546875, -0.0147247314453125, -0.025604248046875, -0.00982666015625, -0.023590087890625, 0.01470947265625, 0.017303466796875, 0.005596160888671875, 0.009307861328125, -0.00019240379333496094, -0.00269317626953125, 4.589557647705078e-06, 0.0003459453582763672, 0.016265869140625, 0.01041412353515625, -0.0149078369140625, 0.0244598388671875, -0.005222320556640625, -0.031005859375, 0.01531982421875, -0.0138702392578125, -0.01220703125, 0.00691986083984375, -0.034881591796875, 0.003986358642578125, -0.0010290145874023438, -0.0047149658203125, 0.0022182464599609375, 0.007595062255859375, -0.0127716064453125, -0.01013946533203125, -0.0056304931640625, -0.025390625, 0.005443572998046875, 0.0015411376953125, -0.01013946533203125, -0.0008440017700195312, 0.004825592041015625, -0.00759124755859375, -0.0260467529296875, 0.00011217594146728516, -0.0126190185546875, -0.016204833984375, -0.0245361328125, -0.0254364013671875, 0.0078125, -0.0036163330078125, 0.019561767578125, 0.0195465087890625, 0.0174102783203125, -0.00803375244140625, 0.0106201171875, -0.0151824951171875, 0.00345611572265625, -0.0086212158203125, -0.0274658203125, 0.0027713775634765625, 0.0182037353515625, 3.3020973205566406e-05, 0.0036411285400390625, 0.0010318756103515625, 0.0106353759765625, 0.065673828125, -0.0060882568359375, -0.0205535888671875, 0.0033588409423828125, 0.005191802978515625, 0.0021228790283203125, -0.006610870361328125, 0.0147247314453125, 0.0182952880859375, 0.010009765625, 0.0005331039428710938, 0.00443267822265625, -0.006153106689453125, 0.04693603515625, 0.0014028549194335938, -0.00511932373046875, 0.01104736328125, 0.0202484130859375, 0.0232391357421875, 0.002712249755859375, 0.01140594482421875, 0.01239776611328125, -0.013092041015625, 0.02191162109375, 0.03167724609375, 0.01678466796875, 0.00482177734375, -0.00699615478515625, 0.034149169921875, -0.00455474853515625, -0.0232086181640625, 0.01214599609375, 0.007312774658203125, 0.020843505859375, -0.006137847900390625, 0.051483154296875, -0.01532745361328125, 0.00759124755859375, -0.00600433349609375, 0.04205322265625, 5.1856040954589844e-05, -0.005664825439453125, 0.0031795501708984375, 0.006771087646484375, -0.02105712890625, 0.0241546630859375, -0.0091400146484375, -0.0162200927734375, -0.00904083251953125, -0.003082275390625, 0.026641845703125, -0.006481170654296875, -0.0154266357421875, 0.0028839111328125, -0.0232391357421875, -0.0083160400390625, 0.015167236328125, -0.0007867813110351562, 0.006732940673828125, -0.006229400634765625, -0.0048675537109375, 0.0038299560546875, 0.0032501220703125, -0.00714874267578125, -0.0019359588623046875, 0.018524169921875, 0.0032978057861328125, -0.00345611572265625, 0.0167236328125, 0.01042938232421875, 0.0011796951293945312, 0.0159759521484375, 0.029693603515625, 0.001953125, -0.0005536079406738281, -0.005401611328125, -0.0159454345703125, -0.01398468017578125, -0.0085906982421875, -0.007144927978515625, 0.0170135498046875, 0.00833892822265625, -0.004444122314453125, -0.0210418701171875, 0.002635955810546875, 0.006702423095703125, 0.01232147216796875, 0.002979278564453125, 0.001434326171875, 0.00914764404296875, 0.00677490234375, 0.021453857421875, -0.00864410400390625, -0.004375457763671875, 0.0043487548828125, -0.0020275115966796875, 0.0106658935546875, -0.01019287109375, 0.00974273681640625, 0.01470947265625, -0.0550537109375, 0.0019168853759765625, -0.007595062255859375, 0.03961181640625, 0.003162384033203125, -0.007457733154296875, -0.0169525146484375, -0.01148223876953125, 0.0175323486328125, 0.0159454345703125, 0.01062774658203125, -0.0027561187744140625, -0.01468658447265625, -0.01727294921875, 0.00618743896484375, -0.00247955322265625, 0.008575439453125, -0.00916290283203125, 0.00414276123046875, -0.0017328262329101562, -0.0025272369384765625, 0.0109710693359375, -0.0120849609375, 0.001678466796875, 0.01934814453125, -0.01532745361328125, 0.002796173095703125, 0.0233001708984375, -0.00836944580078125, 0.0189056396484375, 0.00563812255859375, 0.007720947265625, -0.0011606216430664062, -0.00850677490234375, 0.004512786865234375, -0.0013427734375, 0.01532745361328125, 0.004329681396484375, -0.019561767578125, -0.024322509765625, 0.01380157470703125, -0.0099945068359375, -0.0120697021484375, 0.01488494873046875, -0.006145477294921875, 0.004909515380859375, 0.0176849365234375, -0.0002923011779785156, 0.01263427734375, -0.012176513671875, 0.0035991668701171875, 0.004787445068359375, 0.019744873046875, -0.00772857666015625, -0.01104736328125, 0.0197601318359375, -6.9141387939453125e-06, -0.0030517578125, -0.0059356689453125, 0.01529693603515625, 0.0032558441162109375, -0.0029850006103515625, 0.0018053054809570312, 0.0023784637451171875, -0.0155029296875, -0.000751495361328125, -0.002452850341796875, -0.016571044921875, 0.00194549560546875, 0.01084136962890625, -0.0252838134765625, 0.01050567626953125, 0.00994110107421875, 0.002422332763671875, 0.0211639404296875, -0.00431060791015625, 0.0005950927734375, 0.0087127685546875, 0.0093231201171875, -0.0008435249328613281, 0.0164947509765625, 0.00974273681640625, -0.004764556884765625, 0.01019287109375, 0.0008797645568847656, 0.0008478164672851562, 0.007167816162109375, -0.01727294921875, -0.0179443359375, 0.0024967193603515625, 0.0019817352294921875, 0.0005917549133300781, -0.00476837158203125, -0.00437164306640625, 0.012054443359375, 0.004154205322265625, 0.003875732421875, 0.00018453598022460938, -0.011383056640625, 0.0030307769775390625, -0.0042572021484375, -0.0177459716796875, -0.004718780517578125, -0.023162841796875, 0.03326416015625, -0.015106201171875, 0.01232147216796875, 0.0281219482421875, -0.025054931640625, 0.004886627197265625, 0.0233306884765625, 0.007213592529296875, 0.021392822265625, 0.0280303955078125, -0.00897216796875, -0.0069122314453125, 0.021514892578125, -0.0031757354736328125, -0.0070953369140625, 0.011016845703125, 0.00365447998046875, 0.01261138916015625, -0.01873779296875, -0.005168914794921875, -0.00867462158203125, 0.01016998291015625, -0.0024051666259765625, 0.007549285888671875, -0.0004968643188476562, -0.005695343017578125, 0.0054931640625, -0.0321044921875, 0.006275177001953125, -0.005466461181640625, 0.0024127960205078125, -0.0028591156005859375, -0.0097503662109375, 0.0238800048828125, -0.0201568603515625, 0.03082275390625, 0.00540924072265625, 0.0345458984375, 0.00847625732421875, -0.00855255126953125, 0.0127105712890625, -0.0123138427734375, -0.00556182861328125, -0.00395965576171875, -0.0261688232421875, 0.00170135498046875, -0.019195556640625, 0.0034885406494140625, 0.0121612548828125, -0.0098114013671875, -0.01387786865234375, 0.0055389404296875, -0.00934600830078125, -0.00756072998046875, 0.007534027099609375, 0.0076141357421875, 0.0033016204833984375, 0.01380157470703125, 0.01003265380859375, 0.00039386749267578125, -0.00669097900390625, 0.00473785400390625, 0.00835418701171875, 0.036376953125, -0.023101806640625, 0.018798828125, -0.0297088623046875, 0.0015926361083984375, 0.0024356842041015625, -0.008819580078125, 0.01959228515625, 0.0063018798828125, -0.002208709716796875, -0.00792694091796875, 0.00876617431640625, 0.03338623046875, 0.00516510009765625, 0.04248046875, -0.00412750244140625, 0.008544921875, 0.01139068603515625, 0.00966644287109375, 0.0173187255859375, -0.003223419189453125, 0.01210784912109375, -0.00832366943359375, 0.0270233154296875, 0.02276611328125, 0.004039764404296875, 0.01532745361328125, -0.01035308837890625, 0.0015783309936523438, 0.02264404296875, 0.0013895034790039062, 0.0100250244140625, 0.0169525146484375, 4.8279762268066406e-05, 0.0045013427734375, -0.006221771240234375, -0.031768798828125, -0.0177001953125, 5.936622619628906e-05, 0.006877899169921875, -0.01114654541015625, -0.0244293212890625, -0.010345458984375, 0.003078460693359375, 0.01342010498046875, -0.000732421875, -0.080810546875, -0.001041412353515625, 0.018524169921875, 0.007534027099609375, 0.039764404296875, -0.0026302337646484375, -0.00408935546875, 0.0025348663330078125, 0.0156097412109375, 0.01250457763671875, 0.002895355224609375, 0.0235137939453125, 0.0037555694580078125, -0.004261016845703125, -0.000850677490234375, -0.02294921875, 0.006084442138671875, -0.011138916015625, -0.0009984970092773438, 0.0075225830078125, -0.01438140869140625, -0.0174713134765625, 0.01105499267578125, -0.02020263671875, -0.01387786865234375, 0.021026611328125, -0.00244140625, -0.01471710205078125, -0.01332855224609375, 0.0087738037109375, -0.0226287841796875, 0.011505126953125, -0.0187530517578125, 0.006649017333984375, -0.00969696044921875, 0.00553131103515625, -0.00815582275390625, -0.02606201171875, -0.006160736083984375, 0.0003726482391357422, 0.03485107421875, 0.018341064453125, -0.0031604766845703125, 0.004177093505859375, 0.0105133056640625, 0.015625, -0.01238250732421875, -0.0129852294921875, 0.0240936279296875, 0.0003006458282470703, -0.00350189208984375, -0.0246429443359375, 0.0226593017578125, 0.00983428955078125, 0.006103515625, -0.00771331787109375, 0.02056884765625, -0.0018491744995117188, -0.01203155517578125, 0.0153045654296875, -0.0013208389282226562, 0.00614166259765625, 0.0202789306640625, 0.015899658203125, -0.007534027099609375, -0.00457000732421875, -0.0018129348754882812, 0.018646240234375, 0.0087432861328125, -0.0051116943359375, -0.011322021484375, -0.01129913330078125, 0.0185699462890625, 0.0225982666015625, -2.2113323211669922e-05, 0.0065460205078125, -0.0113983154296875, 0.022064208984375, -0.01209259033203125, -0.0192413330078125, 0.00017762184143066406, -0.004291534423828125, -0.06585693359375, -0.00015676021575927734, 0.0173492431640625, -0.003772735595703125, 0.020050048828125, 0.0013704299926757812, -0.02117919921875, -0.01165771484375, 0.0214996337890625, 0.01201629638671875, 0.00809478759765625, -0.006103515625, 0.0015106201171875, -0.00414276123046875, 0.01058197021484375, 0.0118408203125, 0.0024509429931640625, -0.004985809326171875, -0.0008859634399414062, -0.01055908203125, -0.0258331298828125, 0.026763916015625, -0.0087127685546875, 0.0240478515625, 0.0035152435302734375, -0.01324462890625, -0.016357421875, -0.0098876953125, 0.001293182373046875, 0.00920867919921875, 0.00963592529296875, -0.0130157470703125, 0.03582763671875, 0.00766754150390625, -0.003223419189453125, -0.002048492431640625, -0.0021152496337890625, 0.0155029296875, 0.01523590087890625, 0.00047850608825683594, 0.004032135009765625, 0.005157470703125, -0.0004627704620361328, 0.00397491455078125, -0.01033782958984375, -0.01248931884765625, 0.005496978759765625, 0.034271240234375, -0.0097503662109375, -0.00098419189453125, 0.0124053955078125, -0.0043792724609375, 0.004589080810546875, 0.004467010498046875, -0.0027599334716796875, -0.0019474029541015625, 0.0019245147705078125, 0.018096923828125, 0.007678985595703125, -0.001186370849609375, -0.0198974609375, -0.0048370361328125, -0.0134735107421875, 0.0010929107666015625, -0.006072998046875, 0.01215362548828125, -0.036712646484375, -0.00106048583984375, -0.0220184326171875, -0.01461029052734375, 0.017791748046875, -0.0030345916748046875, -0.0019283294677734375, 0.000518798828125, 0.003864288330078125, -0.0118408203125, 0.03607177734375, -0.017547607421875, 0.007450103759765625, 0.0096893310546875, -0.0107879638671875, 0.0160980224609375, -0.00450897216796875, 0.008575439453125, 0.0306549072265625, 0.00626373291015625, 0.0010499954223632812, 0.0137176513671875, 0.0008544921875, -0.023834228515625, 0.00342559814453125, -0.03851318359375, 0.013671875, -0.01187896728515625, -0.006641387939453125, 0.004177093505859375, -0.00438690185546875, 0.01113128662109375, 0.002346038818359375, -0.026031494140625, -0.0179443359375, -0.0083770751953125, 0.010406494140625, 0.0005693435668945312, -0.0170745849609375, -0.002407073974609375, 0.0017328262329101562, 0.0032749176025390625, -0.006439208984375, 0.00511932373046875, -0.01373291015625, -0.0070343017578125, 0.004558563232421875, -0.0185546875, -0.002826690673828125, 0.00823974609375, -0.0020885467529296875, 0.005565643310546875, 0.00672149658203125, 0.0093994140625, 0.00699615478515625, 0.01873779296875, -0.02337646484375, 0.00862884521484375, -0.00719451904296875, 0.003200531005859375, -0.019683837890625, 0.0204620361328125, 0.01520538330078125, -0.0030670166015625, 0.0218963623046875, 0.0025806427001953125, -0.0039215087890625, -0.01052093505859375, -0.0036983489990234375, -0.017822265625, -0.004444122314453125, 0.031402587890625, 0.011322021484375, -0.0012464523315429688, 0.015594482421875, -0.0189666748046875, -0.0238189697265625, 0.0178070068359375, -0.0211334228515625, -0.01337432861328125, 0.00980377197265625, 0.03411865234375, -0.007843017578125, -0.01387786865234375, 0.0184783935546875, -0.017608642578125, -0.0093994140625, -0.0013551712036132812, 0.01412200927734375, 0.0216217041015625, 0.0129241943359375, -0.01004791259765625, 0.0033111572265625, 0.0063629150390625, 0.015289306640625, -0.01422119140625, -0.0082244873046875, -0.03643798828125, 0.00640869140625, -0.005767822265625, -0.0020236968994140625, -0.01251983642578125, -0.0011625289916992188, 0.0031871795654296875, 0.010528564453125, 0.006031036376953125, 0.0006241798400878906, -0.006748199462890625, 0.0197601318359375, 0.004795074462890625, 0.0180511474609375, -0.01331329345703125, -0.01873779296875, 0.004413604736328125, -0.01273345947265625, -0.008575439453125, -0.041717529296875, 0.0063629150390625, -0.00030922889709472656, 0.032958984375, -0.006084442138671875, 0.0082855224609375, -0.013092041015625, 0.004108428955078125, -0.002292633056640625, 0.0010061264038085938, 0.015899658203125, 0.001556396484375, 0.01073455810546875, 0.0250396728515625, 0.0119171142578125, 0.0011539459228515625, -0.033111572265625, -0.0248565673828125, -0.01197052001953125, -0.014129638671875, 0.0032787322998046875, -0.01026153564453125, -0.0028247833251953125, 0.0018367767333984375, -0.0078887939453125, 0.0161285400390625, 0.0128631591796875, 0.0082550048828125, -0.0081787109375, -0.00628662109375, -0.01181793212890625, -0.00913238525390625, 0.0286407470703125, 0.021881103515625, 0.004138946533203125, -0.007137298583984375, -0.0277557373046875, 0.0007662773132324219, 0.005138397216796875, -0.0184478759765625, 0.00279998779296875, -0.016204833984375, -0.003108978271484375, -0.012939453125, -0.0012941360473632812, 0.0179290771484375, 0.01401519775390625, -0.023651123046875, -0.0253143310546875, -0.01486968994140625, -0.0162506103515625, 0.00615692138671875, 0.0031604766845703125, 0.00035643577575683594, -0.0023136138916015625, -0.0037975311279296875, 0.018402099609375, -0.0078277587890625, 0.0022869110107421875, 0.048919677734375, -0.0295867919921875, -0.0033416748046875, 0.01267242431640625, 0.0070037841796875, 0.003559112548828125, 0.010955810546875, -0.0115509033203125, -0.021270751953125, -0.01190185546875, -0.005710601806640625, -0.0173187255859375, 0.002544403076171875, -0.011474609375, -0.024871826171875, -0.01380157470703125, -0.0003311634063720703, 0.014984130859375, -0.0162811279296875, 0.004619598388671875, -0.0052337646484375, 0.0106658935546875, 0.0115966796875, -0.004852294921875, -0.00579833984375, 0.0264739990234375, -0.0155792236328125, 0.028289794921875, 0.004180908203125, 0.011199951171875, 0.01207733154296875, 0.002758026123046875, 0.0202178955078125, 0.01513671875, -0.00829315185546875, -0.0045928955078125, 0.02532958984375, -0.0067291259765625, -0.0212554931640625, 0.0022945404052734375, -0.014617919921875, 0.0035686492919921875, -0.00896453857421875, -0.00962066650390625, -0.007373809814453125, 0.0007123947143554688, 0.00774383544921875, -0.0291748046875, 0.0074462890625, -0.0204315185546875, -0.0181884765625, 0.032073974609375, -0.011260986328125, 0.01239013671875, 0.0049591064453125, -0.0280914306640625, -0.01055145263671875, -0.00432586669921875, 0.050567626953125, -0.01568603515625, 0.0117645263671875, 0.0053253173828125, 0.007061004638671875, 0.00775146484375, -0.00982666015625, -0.00679779052734375, -0.01020050048828125, 0.0155029296875, -0.0057373046875, 0.045166015625, 0.0030765533447265625, -0.0004277229309082031, 0.007171630859375, 0.0227813720703125, 0.02716064453125, -0.016571044921875, 0.00516510009765625, -0.019805908203125, -0.0235443115234375, -0.01468658447265625, -0.0218505859375, 0.006561279296875, 0.03240966796875, -0.0251007080078125, -0.026458740234375, -0.003917694091796875, -0.01238250732421875, 0.018798828125, -0.01168060302734375, 0.010711669921875, -0.0059051513671875, 0.0147857666015625, -0.004718780517578125, -0.00778961181640625, -0.004734039306640625, -0.006561279296875, -0.00559234619140625, 0.005489349365234375, -0.004222869873046875, -0.0028839111328125, -0.008026123046875, 0.0023632049560546875, 0.00440216064453125, 0.01004791259765625, -0.00815582275390625, 0.01226043701171875, 0.0142059326171875, -0.004486083984375, -0.01007843017578125, -0.005458831787109375, -0.01253509521484375, -0.0038509368896484375, 0.01415252685546875, -0.0005445480346679688, -0.004955291748046875, -0.00013458728790283203, 0.07061767578125, -0.006954193115234375, -0.0229949951171875, 0.0098724365234375, -0.01364898681640625, 0.00946807861328125, -0.006137847900390625, 0.0012845993041992188, -0.0113677978515625, -0.0229034423828125, -0.0089263916015625, 0.0243072509765625, -0.0213470458984375, 0.0021572113037109375, -0.01267242431640625, 0.003368377685546875, 0.011962890625, -0.0021495819091796875, -0.0008859634399414062, 0.017364501953125, 0.018402099609375, -0.0263671875, -0.02099609375, 0.01189422607421875, -0.0117340087890625, 0.01194000244140625, -0.046112060546875, 0.02484130859375, 0.00263214111328125, 0.01342010498046875, -0.00341796875, 0.028839111328125, -0.0016040802001953125, -0.0172119140625, -0.005077362060546875, 0.0164947509765625, -0.00556182861328125, 0.01354217529296875, -0.02978515625, 0.0083160400390625, 0.013580322265625, -0.006671905517578125, 0.01458740234375, 0.023345947265625, -0.0296478271484375, -0.003253936767578125, 0.005702972412109375, -0.0019063949584960938, 0.00849151611328125, -0.030517578125, -0.01023101806640625, 0.01226043701171875, 0.0245208740234375, 0.0131988525390625, 0.00472259521484375, -0.0009069442749023438, 0.015777587890625, -0.0189971923828125, 0.0284881591796875, 0.0015859603881835938, 0.0089111328125, 0.0082855224609375, -0.0292510986328125, -0.000518798828125, 0.0116424560546875, 0.006046295166015625, 0.0270233154296875, -0.0217437744140625, -0.032379150390625, 0.0103759765625, 8.612871170043945e-05, -0.0019006729125976562, 0.0155487060546875, -0.0027408599853515625, 0.0096435546875, 0.010284423828125, 0.0017652511596679688, -0.01544189453125, -0.006298065185546875, 0.00913238525390625, 0.0221099853515625, 0.03936767578125, -0.003021240234375, 0.034912109375, 0.0033817291259765625, -0.0245361328125, -0.0210418701171875, -0.0264129638671875, 0.0107269287109375, 0.01103973388671875, -0.004619598388671875, -0.0234375, -0.01910400390625, -0.00536346435546875, 0.0010251998901367188, -0.01290130615234375, 0.023895263671875, -0.0200347900390625, 0.0004544258117675781, 0.0129547119140625, -0.020751953125, -0.0131683349609375, -0.005126953125, -0.0182647705078125, -0.01140594482421875, 0.0005331039428710938, -0.0200347900390625, 0.00177001953125, -0.006221771240234375, 0.0185699462890625, 0.0091400146484375, 0.01105499267578125, 0.003070831298828125, 0.0004456043243408203, 0.006374359130859375, 0.00732421875, 0.0238037109375, 0.0084991455078125, -0.00896453857421875, -0.00911712646484375, 0.01605224609375, -0.0193023681640625, 0.00199127197265625, -0.007373809814453125, -0.0015077590942382812, 0.00839996337890625, -0.035980224609375, 0.0071868896484375, 0.017791748046875, 0.0182952880859375, 0.0046539306640625, 0.00997161865234375, -0.00568389892578125, 0.01520538330078125, -0.0007114410400390625, 0.0017347335815429688, 0.028656005859375, 0.0207977294921875, 0.005279541015625, -0.019622802734375, 0.01139068603515625, -0.0252685546875, -0.00827789306640625, -0.01039886474609375, 0.0066986083984375, -0.01593017578125, 0.0214691162109375, -0.0014247894287109375, -0.01204681396484375, 0.014739990234375, -0.00931549072265625, -0.0305328369140625, -0.010162353515625, -0.012664794921875, 0.0069122314453125, -0.004840850830078125, -0.023651123046875, -0.00717926025390625, 0.0052032470703125, 0.0174407958984375, -0.00017368793487548828, 0.01305389404296875, 0.01149749755859375, 0.0163116455078125, -0.0014200210571289062, -0.016510009765625, -0.0070037841796875, -0.0159149169921875, 0.00443267822265625, -0.07452392578125, 0.006206512451171875, -0.0001494884490966797, -0.00742340087890625, -0.01383209228515625, 0.012176513671875, -0.01390838623046875, -0.00980377197265625, -0.0154266357421875, 0.00904083251953125, 0.0206146240234375, 0.003093719482421875, 0.0008387565612792969, -0.0110626220703125, 0.00630950927734375, -0.00913238525390625, 0.005260467529296875, 0.007354736328125, 0.004016876220703125, -0.01861572265625, -0.007049560546875, 0.0018682479858398438, -0.0092620849609375, -0.01404571533203125, -0.00234222412109375, 0.0012865066528320312, -0.01119232177734375, -0.006481170654296875, 0.0196075439453125, 0.0199127197265625, -0.01285552978515625, 0.01629638671875, -0.005992889404296875, 0.002742767333984375, -0.00489044189453125, 0.002956390380859375, 0.0066070556640625, -0.007350921630859375, -0.0034313201904296875, -0.00528717041015625, 0.01287078857421875, -0.00928497314453125, 0.00522613525390625, 0.01161956787109375, -0.001293182373046875, 0.0149688720703125, -0.0090484619140625, 0.015411376953125, -0.01214599609375, 0.0142669677734375, -0.011016845703125, 0.00850677490234375, 0.0092926025390625, 0.020751953125, -0.01401519775390625, -0.0140838623046875, -0.0233612060546875, 0.0128326416015625, 0.033172607421875, 0.01126861572265625, 0.0103759765625, 0.014862060546875, 0.012786865234375, -0.0012960433959960938, -0.0080108642578125, 0.01172637939453125, 0.0218505859375, -0.0048828125, 0.009521484375, -0.024749755859375, -0.01544189453125, -0.03338623046875, 0.00250244140625, 0.0006403923034667969, 0.01267242431640625, -0.0103302001953125, -0.01186370849609375, 0.01155853271484375, 0.015472412109375, -0.004055023193359375, -0.007549285888671875, -0.0166015625, 0.01160430908203125, -0.0108795166015625, 0.0015382766723632812, 0.00984954833984375, -0.01389312744140625, 0.00897979736328125, 0.0098724365234375, 0.0036373138427734375, 0.0184326171875, 0.0172271728515625, 0.024810791015625, -0.0006546974182128906, -0.004974365234375, 0.007541656494140625, 0.015960693359375, 0.0026493072509765625, 0.002346038818359375, 0.01418304443359375, 0.016448974609375, -0.0126495361328125, 0.01044464111328125, 0.006256103515625, 0.0186614990234375, -0.0017881393432617188, 0.0174713134765625, -0.031646728515625, 0.0204620361328125, 0.007709503173828125, -0.01959228515625, 0.006622314453125, 0.022003173828125, -0.0234222412109375, 0.01023101806640625, -0.00783538818359375, -0.0009417533874511719, -0.007122039794921875, 0.01189422607421875, 0.0091400146484375, 0.0216522216796875, 0.000919342041015625, 0.007534027099609375, -0.00238800048828125, -0.0015020370483398438, 0.01371002197265625, -0.0170745849609375, -0.01337432861328125, 0.00896453857421875, 0.01273345947265625, 0.02264404296875, 0.017120361328125, -0.00923919677734375, -0.0183868408203125, 0.0071258544921875, -0.0165252685546875, -0.01064300537109375, 0.037322998046875, 0.01071929931640625, 0.0007448196411132812, -0.0044708251953125, -0.002044677734375, -0.00131988525390625, 0.006153106689453125, 0.0007443428039550781, -0.0028362274169921875, -0.0167999267578125, 0.006046295166015625, -0.01016998291015625, -0.0005397796630859375, -0.00855255126953125, 0.0026073455810546875, 0.003833770751953125, 0.0143280029296875, 0.036468505859375, -0.0100555419921875, 0.0035228729248046875, 0.0014638900756835938, -0.02301025390625, 0.006267547607421875, 0.0017566680908203125, -0.00994110107421875, -0.0014963150024414062, -0.01934814453125, -0.0020427703857421875, 0.0294036865234375, 0.01052093505859375, -0.00778961181640625, -0.006710052490234375, -0.00897979736328125, -0.0202178955078125, 0.002593994140625, -0.011260986328125, -0.006500244140625, 0.00817108154296875, -0.018341064453125, 0.0098114013671875, 0.006805419921875, -0.0142822265625, -0.01349639892578125, -0.01399993896484375, 0.01270294189453125, -0.0009613037109375, 0.011199951171875, -0.00676727294921875, 0.0215301513671875, 0.01349639892578125, 0.0225372314453125, -0.0206146240234375, 0.0012636184692382812, -0.033172607421875, -6.872415542602539e-05, -0.007122039794921875, -0.01274871826171875, -0.003658294677734375, -0.00954437255859375, 0.0018405914306640625, -0.001979827880859375, 0.006267547607421875, -0.0113983154296875, -0.004673004150390625, 0.006622314453125, 0.0099029541015625, 0.0164794921875, -0.02752685546875, 0.0234527587890625, -0.01514434814453125, 0.0013170242309570312, -0.0155487060546875, -0.005825042724609375, -0.009796142578125, -0.0004684925079345703, 0.0138702392578125, -8.344650268554688e-06, -0.002002716064453125, 0.01641845703125, -0.002651214599609375, 0.004230499267578125, 0.00170135498046875, -0.00928497314453125, -0.00726318359375, -0.006084442138671875, -0.009918212890625, 0.0147552490234375, -0.0032634735107421875, 0.01076507568359375, -0.0294342041015625, 0.004802703857421875, 0.0109710693359375, -0.0115509033203125, -0.01291656494140625, 0.0174407958984375, -0.004573822021484375, 0.01125335693359375, 0.0299224853515625, -0.0045928955078125, -0.0028553009033203125, -0.024871826171875, -0.0033779144287109375, -0.0181427001953125, -0.0003561973571777344, -0.002765655517578125, -0.01198577880859375, -0.002002716064453125, 0.0261077880859375, 0.00391387939453125, 0.007122039794921875, -0.014892578125, -0.025665283203125, -0.01168060302734375, -0.03240966796875, 0.00968170166015625, 0.0232391357421875, 0.00215911865234375, 0.028106689453125, -0.004726409912109375, -0.01190948486328125, -0.01526641845703125, 0.0156402587890625, -0.00815582275390625, -0.0121612548828125, -0.01361846923828125, 0.0308837890625, 0.006359100341796875, 0.020660400390625, 0.01010894775390625, 0.02191162109375, 0.00652313232421875, 0.0306549072265625, 0.012420654296875, 0.01129150390625, -0.005035400390625, 0.0137481689453125, 0.007221221923828125, 0.0008320808410644531, -0.0194854736328125, -0.03338623046875, -0.0301361083984375, -0.018218994140625, -0.021759033203125, 0.0119781494140625, -0.00864410400390625, -0.006786346435546875, 0.0028171539306640625, -0.0240020751953125, -0.009918212890625, 0.004016876220703125, 0.033416748046875, 0.0034084320068359375, -0.01392364501953125, 0.0005326271057128906, 0.0245208740234375, -0.010040283203125, 0.021514892578125, 0.0243988037109375, 0.00665283203125, 0.0231170654296875, 9.72747802734375e-05, 0.007328033447265625, 0.00476837158203125, 0.0108642578125, 0.01125335693359375, 0.0241851806640625, 0.00736236572265625, -0.005908966064453125, -0.00250244140625, -0.003925323486328125, -0.0183868408203125, 0.01024627685546875, -0.018707275390625, 0.0007953643798828125, -0.01375579833984375, -0.004291534423828125, 0.01430511474609375, 0.03424072265625, 0.0036525726318359375, -0.00476837158203125, -0.0077362060546875, 0.004375457763671875, -0.00527191162109375, -0.0146636962890625, 0.01100921630859375, -0.003448486328125, -0.005260467529296875, -0.01568603515625, -0.0158538818359375, -0.01392364501953125, 0.0035495758056640625, 0.0033664703369140625, 0.0018739700317382812, -0.0207672119140625, -0.005146026611328125, 0.0130462646484375, 0.00542449951171875, -0.00154876708984375, 0.007080078125, -0.01074981689453125, -0.0151824951171875, -0.0206756591796875, 0.00878143310546875, 0.0095062255859375, -0.0228729248046875, -0.029876708984375, 0.0012044906616210938, -0.0121917724609375, -0.0116729736328125, -0.02117919921875, 0.00311279296875, -0.0263824462890625, 0.021148681640625, -0.01136016845703125, -0.02850341796875, -0.00695037841796875, 0.004650115966796875, -0.005107879638671875, 0.003894805908203125, -0.008056640625, 0.03497314453125, 0.0182952880859375, 0.00551605224609375, 0.0011625289916992188, -0.01496124267578125, 0.023895263671875, 0.0303955078125, -0.00010842084884643555, -0.008575439453125, -0.00032782554626464844, 0.00958251953125, 0.009490966796875, -0.0234375, 0.01172637939453125, 0.01012420654296875, 0.0289459228515625, 0.031982421875, 0.02020263671875, 0.0034580230712890625, -0.01395416259765625, -0.00943756103515625, 0.01058197021484375, 0.00809478759765625, -0.01105499267578125, -0.0024204254150390625, 0.0208282470703125, -0.03717041015625, -0.0158233642578125, 0.0180816650390625, 0.00789642333984375, -0.01071929931640625, 0.0026073455810546875, -0.01151275634765625, 0.01535797119140625, -0.0123748779296875, 0.0125732421875, -0.0160369873046875, 0.0016880035400390625, 0.006786346435546875, -0.006656646728515625, -0.0036182403564453125, -0.0018243789672851562, -0.0200347900390625, -0.004795074462890625, -0.0064239501953125, -0.011962890625, -0.0066375732421875, -0.0010919570922851562, 0.006717681884765625, 0.0221710205078125, -0.0032291412353515625, 0.0318603515625, -0.0124969482421875, 0.01212310791015625, 0.01258087158203125, 0.011871337890625, 0.004146575927734375, 0.007213592529296875, -0.034515380859375, -0.00392913818359375, 0.0006508827209472656, 0.010955810546875, 0.0241546630859375, 0.0125274658203125, 0.0157470703125, 0.004100799560546875, -0.01380157470703125, -0.02447509765625, -0.0234375, 0.017669677734375, -0.0074615478515625, 0.021087646484375, 0.0088958740234375, -0.007038116455078125, -0.00977325439453125, 0.01824951171875, 0.01062774658203125, -0.00878143310546875, -0.00927734375, -0.00838470458984375, -0.0179595947265625, 0.004894256591796875, -0.0108184814453125, -0.00782012939453125, -0.00286865234375, -0.0021762847900390625, 0.0060882568359375, -0.00411224365234375, 0.0248260498046875, -0.022796630859375, 0.0165252685546875, -0.021392822265625, -0.011932373046875, -0.0287628173828125, 0.029937744140625, 0.0166168212890625, -0.01377105712890625, 0.0082855224609375, 0.02239990234375, -0.00620269775390625, -0.0091094970703125, -0.00653076171875, 0.012847900390625, 0.0029449462890625, -0.01139068603515625, -0.0107879638671875, -0.01001739501953125, -0.002651214599609375, -0.0221405029296875, -0.00021898746490478516, 0.0206756591796875, 0.013671875, -0.00775146484375, 0.00710296630859375, 0.00498199462890625, -0.0149383544921875, 0.0184478759765625, -0.01018524169921875, 0.00567626953125, -0.007781982421875, 0.0015392303466796875, -0.0010614395141601562, -0.0060272216796875, -0.02484130859375, -0.027435302734375, -0.034210205078125, 0.009521484375, -0.016845703125, -0.0139923095703125, 0.0154571533203125, -0.00316619873046875, 0.00023996829986572266, 0.0167236328125, 0.0016117095947265625, 0.004192352294921875, -0.00035071372985839844, 0.0225982666015625, 0.0063934326171875, 0.0055694580078125, 0.0157470703125, 0.005695343017578125, 0.013763427734375, 0.013824462890625, -0.005046844482421875, -0.002635955810546875, 0.0016489028930664062, -0.004367828369140625, 0.004146575927734375, 0.0199127197265625, 0.0106658935546875, 0.003826141357421875, 0.0027065277099609375, -0.0006895065307617188, -0.000514984130859375, 0.01385498046875, -0.0099945068359375, -0.0118865966796875, 0.031219482421875, 0.0016155242919921875, 0.0157623291015625, -0.00881195068359375, -0.0020751953125, 0.009674072265625, -0.011444091796875, -0.0261993408203125, 0.004642486572265625, 0.0018930435180664062, -0.01617431640625, -0.0033512115478515625, -0.0033664703369140625, -0.005130767822265625, -0.033966064453125, 0.004932403564453125, 0.0017862319946289062, 0.0173492431640625, 0.0093994140625, -0.016448974609375, 0.0097808837890625, -0.01390838623046875, 0.03192138671875, -0.0168304443359375, 0.001712799072265625, -0.0181732177734375, 0.01041412353515625, 0.021148681640625, 0.005901336669921875, 0.01073455810546875, 0.048065185546875, 0.00335693359375, 0.01500701904296875, 0.0029449462890625, -0.01451873779296875, 0.006679534912109375, -0.0202484130859375, -0.0019083023071289062, -0.0023136138916015625, -0.003574371337890625, 0.00154876708984375, -0.0198974609375, -0.007099151611328125, -0.010894775390625, 0.0015621185302734375, -0.0170745849609375, 0.01439666748046875, -0.00351715087890625, 0.0063934326171875, 0.00965118408203125, 0.0185546875, 0.03387451171875, -4.0650367736816406e-05, 0.004993438720703125, -0.01042938232421875, -0.0182647705078125, 0.0022296905517578125, -0.06475830078125, 0.01214599609375, 0.005645751953125, 0.01322174072265625, 0.0003769397735595703, -0.0021800994873046875, -0.00997161865234375, -0.0022792816162109375, -0.01425933837890625, -0.00022149085998535156, -0.0252838134765625, 0.003330230712890625, -0.0048675537109375, -0.01873779296875, 0.043182373046875, 0.009979248046875, -0.0262908935546875, -0.005645751953125, 0.01265716552734375, 0.018890380859375, 0.0001780986785888672, 0.0007429122924804688, -0.0067138671875, 0.0178070068359375, -0.006412506103515625, 0.005695343017578125, -0.00533294677734375, -0.00507354736328125, 0.0007696151733398438, -0.01346588134765625, 0.0222320556640625, -0.031646728515625, 0.022216796875, -0.0240325927734375, -0.002513885498046875, -0.007167816162109375, 0.00691986083984375, -0.0147247314453125, 0.018035888671875, -0.003658294677734375, 0.0012454986572265625, -0.01459503173828125, -0.0254669189453125, 0.024017333984375, -0.01099395751953125, -0.0207061767578125, -0.001415252685546875, -0.0011091232299804688, -0.00850677490234375, 0.00662994384765625, -0.0322265625, 0.00537872314453125, 0.018310546875, 0.0009746551513671875, -0.022796630859375, 0.02264404296875, -0.0038013458251953125, -0.0037593841552734375, 0.0086669921875, 0.018798828125, 0.0171356201171875, -0.0222320556640625, -0.026123046875, -0.035003662109375, -0.02105712890625, -0.0173797607421875, -0.002338409423828125, 0.0012464523315429688, -0.004901885986328125, 0.017913818359375, 0.0127716064453125, 0.0119476318359375, -0.019287109375, 0.0033969879150390625, 0.0001709461212158203, -0.0005168914794921875, -0.01708984375, -0.0198516845703125, -0.0088348388671875, -0.002788543701171875, -0.0049285888671875, -0.0217742919921875, 0.0004811286926269531, -0.01053619384765625, -0.0162506103515625, 0.006679534912109375, -0.0060577392578125, -0.0037517547607421875, -0.01067352294921875, -0.0013456344604492188, -0.0083770751953125, -0.0176849365234375, -0.0202789306640625, 0.0186614990234375, 0.015380859375, 0.0068359375, -0.0133819580078125, -0.00305938720703125, -0.0020751953125, 0.01885986328125, -0.0032024383544921875, 0.027557373046875, 3.55839729309082e-05, 0.0017299652099609375, -0.019439697265625, -0.0157470703125, 0.003147125244140625, -0.01041412353515625, 0.0014858245849609375, -0.01018524169921875, -0.0007333755493164062, 0.0089111328125, 0.002033233642578125, -0.00946044921875, -0.019500732421875, 0.001312255859375, 0.005771636962890625, 0.0007300376892089844, -0.006320953369140625, -0.0216827392578125, -0.0031566619873046875, -0.02154541015625, 0.01178741455078125, 0.005626678466796875, -0.0010433197021484375, -0.0106048583984375, 0.0029296875, 0.03253173828125, 0.0191802978515625, -0.016937255859375, 0.0146942138671875, -0.00397491455078125, 0.0018815994262695312, -0.030303955078125, -0.0006771087646484375, 0.053192138671875, 0.007701873779296875, -0.0194091796875, -0.0084686279296875, -0.0143280029296875, 0.0056915283203125, 0.005695343017578125, 0.012664794921875, -0.00595855712890625, 0.01073455810546875, -0.0006380081176757812, 0.021514892578125, 0.0235748291015625, -0.00804901123046875, 0.0012025833129882812, -0.01959228515625, -0.00921630859375, 0.0111846923828125, -0.0026950836181640625, 0.01428985595703125, 0.0067596435546875, 0.044158935546875, -0.01678466796875, 0.00879669189453125, -0.022705078125, -0.00765228271484375, 0.00785064697265625, 0.0188446044921875, -0.006999969482421875, 0.0131683349609375, -0.0017786026000976562, 0.0018644332885742188, 0.005481719970703125, 0.00028395652770996094, 0.0242156982421875, 0.0026836395263671875, 0.01396942138671875, -0.0161895751953125, 0.01540374755859375, -0.0163726806640625, -0.0036716461181640625, -0.0005269050598144531, 0.00896453857421875, 0.005702972412109375, 0.0056915283203125, 0.0294189453125, 0.004787445068359375, -0.0102691650390625, 0.00695037841796875, -0.01337432861328125, 0.00409698486328125, -0.0175018310546875, 0.00978851318359375, 0.01971435546875, 0.005695343017578125, -0.006107330322265625, 0.0017366409301757812, 0.00379180908203125, -0.0292816162109375, 0.00780487060546875, -0.01922607421875, -0.00272369384765625, 0.021148681640625, 0.004253387451171875, -0.01953125, 0.005855560302734375, -0.007648468017578125, 0.00998687744140625, -0.00287628173828125, -0.0340576171875, -0.0160980224609375, -0.006008148193359375, -0.00449371337890625, -0.026641845703125, -0.0200958251953125, 0.002552032470703125, 0.006175994873046875, 0.007358551025390625, 0.0032501220703125, 0.01045989990234375, 0.00882720947265625, -0.013885498046875, -0.005619049072265625, -0.004398345947265625, -0.0307464599609375, -0.0013818740844726562, 0.00704193115234375, 0.01007843017578125, 0.0175628662109375, -0.0056915283203125, 0.0129241943359375, -0.01129150390625, 0.017333984375, -0.0138397216796875, 0.0165863037109375, 0.029693603515625, -0.017608642578125, 0.0171051025390625, 0.01306915283203125, -0.0258026123046875, 0.01154327392578125, 0.001987457275390625, -0.038970947265625, -0.02435302734375, 0.01497650146484375, 0.00241851806640625, 9.60230827331543e-05, 0.009918212890625, 0.0167999267578125, 0.0211029052734375, -0.0237884521484375, 0.003932952880859375, -0.00493621826171875, -0.024932861328125, 0.01236724853515625, 0.01222991943359375, -0.0043792724609375, 0.0041351318359375, 0.0127716064453125, -0.015472412109375, 0.00982666015625, 0.0087432861328125, 0.0031147003173828125, 0.01143646240234375, -0.00397491455078125, 0.023040771484375, -0.018646240234375, -0.004299163818359375, 0.0128631591796875, -0.017120361328125, -0.0372314453125, 0.0189666748046875, 0.0029010772705078125, -0.01171875, 0.006366729736328125, -0.0112152099609375, -0.01244354248046875, 0.01629638671875, 0.008087158203125, 0.0066986083984375, 0.0307464599609375, 0.003879547119140625, -0.0054931640625, -0.01314544677734375, -0.007472991943359375, 0.00125885009765625, 0.004730224609375, 0.0098114013671875, 0.0039520263671875, 0.0123138427734375, -0.04241943359375, -0.006717681884765625, 0.0019283294677734375, -0.00255584716796875, 0.01323699951171875, -0.034637451171875, -0.0032787322998046875, 0.00638580322265625, 0.0007233619689941406, 0.00434112548828125, 0.0086517333984375, -0.031829833984375, 0.046539306640625, 0.015625, 0.0240936279296875, 0.006046295166015625, -0.01482391357421875, 0.007678985595703125, -0.01314544677734375, -0.00676727294921875, -0.00872802734375, 0.0294647216796875, -0.0051727294921875, -0.007663726806640625, -0.00022685527801513672, -0.005523681640625, -0.0158538818359375, -0.0018138885498046875, -0.0165557861328125, 0.004184722900390625, 0.0175323486328125, -0.003803253173828125, 0.00299072265625, 0.00942230224609375, 3.463029861450195e-05, -0.0092620849609375, 0.00713348388671875, -0.01519012451171875, 0.00792694091796875, 0.0050048828125, -0.0087890625, 0.01641845703125, -0.0169677734375, -0.0015707015991210938, -0.00760650634765625, 0.007175445556640625, 0.007236480712890625, 0.00313568115234375, 0.00829315185546875, -0.0033397674560546875, -0.00891876220703125, 0.03424072265625, 0.0031986236572265625, -0.01271820068359375, -0.0079498291015625, 0.00640869140625, 0.00518035888671875, 0.032562255859375, -0.005207061767578125, -0.006610870361328125, 0.00478363037109375, 0.016021728515625, 0.00246429443359375, -0.002605438232421875, -0.0168609619140625, -0.0077972412109375, 0.006435394287109375, -0.0165863037109375, -0.0110321044921875, -0.01364898681640625, -0.004360198974609375, 0.00701904296875, -0.004940032958984375, 0.0003275871276855469, -0.006725311279296875, 0.024383544921875, -0.00032901763916015625, 0.0156097412109375, 0.005008697509765625, -0.003265380859375, -0.019134521484375, -0.0152587890625, 0.0005602836608886719, 0.01143646240234375, -0.004741668701171875, -0.043365478515625, -0.0012340545654296875, -0.0033740997314453125, -0.018768310546875, 0.0111846923828125, 0.0179595947265625, -0.00238037109375, -0.018096923828125, 0.01015472412109375, -0.00902557373046875, -0.0017709732055664062, -0.0029754638671875, -0.00792694091796875, 0.004055023193359375, -0.0076446533203125, 0.01065826416015625, 0.001918792724609375, 0.026275634765625, 0.006694793701171875, 0.0030231475830078125, 0.004638671875, -0.010101318359375, 0.0198516845703125, -0.0163726806640625, -0.07373046875, -0.00746917724609375, 0.0029163360595703125, 0.008880615234375, -0.026702880859375, 0.05615234375, -0.04119873046875, 0.0067596435546875, 0.022186279296875, 0.019622802734375, 0.0143585205078125, 0.00010031461715698242, 0.0240478515625, 0.00498199462890625, 0.0247955322265625, -0.001674652099609375, -0.0156097412109375, -0.0193328857421875, -0.029449462890625, 0.0036449432373046875, 0.002483367919921875, -0.0033626556396484375, -0.02392578125, 0.0009746551513671875, 0.028839111328125, -0.00772857666015625, 0.0098876953125, -0.017181396484375, -0.01250457763671875, -0.0107574462890625, -0.01126861572265625, -0.007076263427734375, 0.01068115234375, -0.019134521484375, -0.00493621826171875, 0.0159912109375, 0.01031494140625, -0.0225830078125, 0.02880859375, 0.00034356117248535156, 0.0079193115234375, 0.00821685791015625, -0.005603790283203125, 0.029693603515625, 0.00015091896057128906, -0.01739501953125, 0.0173492431640625, 0.0019102096557617188, -0.0165252685546875, 0.01424407958984375, -0.004207611083984375, -0.0182647705078125, -0.01531219482421875, -0.0160980224609375, -0.0031490325927734375, 0.0130767822265625, 0.00389862060546875, -0.01296234130859375, 0.004108428955078125, 0.003795623779296875, 7.903575897216797e-05, -0.003223419189453125, 0.002101898193359375, 0.00731658935546875, -0.0034847259521484375, -0.0024566650390625, 0.03485107421875, 0.0008358955383300781, -0.024505615234375, -0.00013947486877441406, 0.019134521484375, -0.014495849609375, 0.03729248046875, -0.01271820068359375, 0.019287109375, 0.0093231201171875, 0.0053863525390625, 0.0014286041259765625, -0.0016918182373046875, -0.0196380615234375, -0.003520965576171875, -0.0082855224609375, -0.02099609375, -0.0313720703125, -0.0156097412109375, 0.0023975372314453125, -0.000728607177734375, -0.01026153564453125, 0.0067291259765625, 0.006511688232421875, -0.0199737548828125, 0.01345062255859375, 0.0251312255859375, 0.00856781005859375, -0.00792694091796875, -0.00010728836059570312, 0.006099700927734375, -0.003734588623046875, -0.0022602081298828125, -0.005023956298828125, -0.0011692047119140625, 0.00965118408203125, -0.01122283935546875, -0.0026149749755859375, -0.003082275390625, -0.01312255859375, 0.027313232421875, 0.0016832351684570312, -0.0236053466796875, 0.01212310791015625, 0.01910400390625, -0.019500732421875, -0.0052490234375, 0.06231689453125, 0.01058197021484375, -0.0300140380859375, -0.0122528076171875, -0.01517486572265625, 0.0203094482421875, 0.003864288330078125, 0.00020635128021240234, 4.7147274017333984e-05, 0.006832122802734375, 0.006664276123046875, 0.018310546875, 0.0015544891357421875, -0.015228271484375, -0.007904052734375, 0.01305389404296875, 0.01399993896484375, -0.01261138916015625, -0.001407623291015625, -0.0037860870361328125, 0.0025730133056640625, -0.005306243896484375, -0.0243072509765625, -0.0028781890869140625, -0.0217437744140625, -0.0033779144287109375, 0.0134429931640625, -0.0174713134765625, 0.00917816162109375, 0.0102386474609375, 0.0046844482421875, 0.01348876953125, 0.0010662078857421875, 0.050537109375, -0.00539398193359375, -0.006946563720703125, 0.0216827392578125, 0.006500244140625, -0.021087646484375, -0.0107421875, 0.0224761962890625, 0.00514984130859375, 0.00783538818359375, 0.0077972412109375, 0.01367950439453125, 0.0002880096435546875, 0.017059326171875, -0.00415802001953125, -0.01210784912109375, 0.018585205078125, -0.015838623046875, -0.0110626220703125, -0.0089263916015625, -0.014556884765625, -0.0027484893798828125, 0.022552490234375, -0.0305633544921875, 0.01806640625, 0.017425537109375, 0.019866943359375, 0.0159912109375, -0.0053863525390625, -0.0079345703125, 0.00795745849609375, -0.0005183219909667969, 0.0034008026123046875, 0.006290435791015625, -0.0023136138916015625, -0.0193634033203125, -0.0009908676147460938, 0.0132904052734375, 0.01824951171875, -0.01090240478515625, -0.019775390625, 0.0205841064453125, 0.0140533447265625, -0.006847381591796875, 0.007350921630859375, -0.00838470458984375, 0.0011129379272460938, -0.0014657974243164062, -0.01277923583984375, -0.0145111083984375, -0.027313232421875, 0.00014019012451171875, -0.0004906654357910156, -0.0169830322265625, -0.023040771484375, 0.0206756591796875, -0.004741668701171875, -0.0130767822265625, 0.0090484619140625, -0.010772705078125, -0.00481414794921875, 0.0306243896484375, -0.006572723388671875, -0.007595062255859375, 0.0168304443359375, 0.004180908203125, 0.0105133056640625, -0.00988006591796875, -0.01450347900390625, 0.01010894775390625, 0.006305694580078125, -0.01186370849609375, 0.0023097991943359375, 0.009521484375, -0.01239013671875, 0.0190277099609375, -0.0029010772705078125, 0.01010894775390625, -0.006862640380859375, 0.024627685546875, 0.0176544189453125, 0.0110626220703125, -0.0105133056640625, 0.0138092041015625, 0.022216796875, 0.0187225341796875, 0.01373291015625, -0.021575927734375, 0.0024356842041015625, -0.0084686279296875, 0.014312744140625, 0.00012171268463134766, 0.0194091796875, -0.0191650390625, 0.0008769035339355469, 0.0007433891296386719, -0.002124786376953125, 0.0026607513427734375, 0.0166473388671875, 0.0118255615234375, 0.0055694580078125, -0.016082763671875, 0.00937652587890625, 0.015167236328125, 0.0245513916015625, -0.016571044921875, 0.01078033447265625, -0.0013790130615234375, 0.0023193359375, 0.01495361328125, -0.0183563232421875, -0.01372528076171875, 0.025726318359375, 0.0024433135986328125, -0.003231048583984375, 0.003040313720703125, 0.01114654541015625, -0.011932373046875, 0.0116424560546875, 0.0004982948303222656, 0.004856109619140625, 0.00449371337890625, -0.00829315185546875, 0.003566741943359375, -0.0036907196044921875, -0.0115203857421875, 0.00125885009765625, 0.0005064010620117188, -0.0041351318359375, 0.04132080078125, 0.0132904052734375, 0.0169677734375, -0.01361846923828125, 0.00923919677734375, -0.007656097412109375, 0.0007281303405761719, 0.00037097930908203125, -0.0010690689086914062, -0.0245361328125, 0.033294677734375, 0.00392913818359375, -0.01824951171875, 0.01038360595703125, 0.0008754730224609375, 0.00396728515625, -0.00029754638671875, -0.00864410400390625, 0.00971221923828125, 0.00811767578125, 0.0153656005859375, -0.0190582275390625, 0.0232086181640625, 0.0008234977722167969, 0.0016841888427734375, -0.01358795166015625, 0.0174102783203125, 0.004917144775390625, -0.0160369873046875, 0.01654052734375, 0.0108642578125, 0.035064697265625, -0.0191497802734375, 0.0033435821533203125, 0.0063323974609375, 0.0147247314453125, -0.0229949951171875, -0.02178955078125, -0.0075836181640625, -0.01373291015625, 0.0149993896484375, -0.005504608154296875, 0.0119171142578125, -0.0203704833984375, -0.0335693359375, 0.0178680419921875]
